3201041149421 
3206021047697 
3206111157208 
3206211046326 
3206211044218 
3206211024807 
3206811110322 
3206211035826 
3206211067815 
3206211005190 
3206811028992 
3206811158775 
3203001026088 
3210021007140 
3210021007141 
3201151136629 
3201151141302 
3210021042153 
3207051138818 
3202061010907 
3202811061921 
3202011091117 
3208021005517 
3202811110575 
3203031083990 
3206021007643 
3203031046367 
3209241153714 
3201051137598 
3212021020041 
3212031123308 
3212021021310 
3209241065150 
3212031003982 
3212021123310 
3212821039863 
3212031123299 
3212031062355 
3212021003990 
3212031003981 
3206011007225 
3213021059795 
3201151009036 
3201061135428 
3209241013538 
3202111108924 
3212821027854 
3212011161094 
3212031032955 
3212031034141 
3212021035428 
3212011125586 
3212031121420 
3212011044938 
3212811045015 
3210031019623 
3204041084047 
3213221032916 
3209221021149 
3212841002754 
3211821128546 
3210841064283 
3211821083835 
3207211153648 
3207211124382 
3206021095055 
3206021111361 
3213221065443 
3213221019325 
3202041009758 
3202061011537 
3207211007368 
3207211028624 
3202041041104 
3202041063280 
3202041010690 
3202051104882 
3201041137234 
3202041033906 
3202041009440 
3203821152765 
3206821030682 
3206021007725 
3206111102495 
3209031004940 
3210021102351 
3209031122419 
3203821115742 
3210031040781 
3207221133238 
3207221026395 
3201151001529 
3202021057975 
3205811121648 
3213021036045 
3207051082916 
3213021064401 
3213021002353 
3202041078061 
3202061026050 
3211821149230 
3210021112489 
3210021154865 
3213021007059 
3212831102429 
3209031122959 
3209211106204 
3209011077911 
3213221034126 
3203111017469 
3212831001075 
3204121159279 
3201041130219 
3206231163293 
3206841112576 
3206841034503 
3203241013972 
3211821126631 
3203021029118 
3209241063382 
3211821254483 
3208111077831 
3204041158796 
3204041158276 
3203241034901 
3207211136400 
3207061125009 
3202041026702 
3206821078536 
3206821060115 
3206821025621 
3207061124862 
3206111006296 
3209231133956 
3207051147229 
3206821060278 
3206821030503 
3206021035144 
3213021109180 
3206021254759 
3202061010911 
3206841047426 
3201251146629 
3207211011096 
3207211005005 
3207211036157 
3207211119409 
3207211140997 
3212011141786 
3212011144395 
3206231066870 
3209021118897 
3209021023043 
3201251137480 
3209821137474 
3209251147592 
3209251126651 
3209251060752 
3212021123457 
3209251145941 
3209251140845 
3209251063970 
3209251128770 
3209251128861 
3209251119526 
3209251126195 
3209251083057 
3209251121027 
3209251129605 
3209251105256 
3209251139460 
3209251132572 
3209251135197 
3209251154871 
3209251119209 
3209251154893 
3209251154830 
3209251254455 
3209251122991 
3209251253056 
3209821127115 
3209821147764 
3209821024599 
3209821044714 
3209821042304 
3209821032232 
3209821030062 
3209821033633 
3209821043230 
3209821039244 
3209821120229 
3209821038540 
3209821120220 
3209821044339 
3209821041222 
3209821038704 
3209821039592 
3209821014567 
3209821126034 
3209821139558 
3209821126130 
3209821045338 
3209031014568 
3209821126033 
3209821120161 
3209821120124 
3209821139562 
3209821135838 
3209821254201 
3209821044655 
3209821040031 
3209821045458 
3209821120500 
3209021095517 
3209021102670 
3209031012967 
3209031028955 
3209031155576 
3209021012970 
3209021001390 
3209031068385 
3209031017492 
3209031125775 
3209031125775 
3209031002510 
3209021022114 
3209031034507 
3209021129439 
3209021023817 
3209021061256 
3209021141561 
3209021081468 
3209021023818 
3209021147748 
3209021013412 
3209021022429 
3209021124331 
3209021129481 
3209021138208 
3209021013628 
3209021013414 
3209021012971 
3209021138933 
3209811014422 
3209221110808 
3209221083321 
3209221018816 
3209221110612 
3209221104532 
3209811028720 
3209021122428 
3209221112990 
3209221019311 
3209221160236 
3209221109005 
3209221081180 
3209221105329 
3209031122445 
3209221091576 
3209031145295 
3209031121687 
3209031123981 
3209021140331 
3209021146322 
3209031124097 
3209031120324 
3209231145630 
3209811035812 
3209031120533 
3209031127798 
3209031059715 
3209231144883 
3209231127009 
3209811127143 
3209231150188 
3209011043293 
3209811121417 
3209231068926 
3209011108638 
3209011046310 
3209011065944 
3209221023375 
3209011004747 
3209011014472 
3209031105303 
3209031143495 
3209211030046 
3209211163303 
3209211108004 
3209011005459 
3209021126041 
3209211029141 
3209211037584 
3209211037891 
3209211160661 
3209211107301 
3209211028542 
3209211033632 
3209211028017 
3209211156361 
3209211030582 
3209211034386 
3209211106204 
3209811028720 
3209811147093 
3209811038238 
3209021125510 
3209811119881 
3209811099037 
3209811131335 
3209811043688 
3209811043854 
3209811119454 
3209811126976 
3209811125801 
3209811144555 
3209031001295 
3207051140935 
3209241032675 
3209811159969 
3209241044081 
3209811039885 
3209811039885 
3209811141602 
3209241064952 
3209241114955 
3209231033698 
3209231038144 
3209231144895 
3209231143886 
3209231038745 
3209231140711 
3209231114742 
3209231121766 
3209231114296 
3209231127247 
3209231045617 
3209231122417 
3209231078378 
3209241024144 
3209241028914 
3209241044081 
3209241023394 
3209241021376 
3209241047500 
3209811144495 
3209231021021 
3209241045732 
3209241013493 
3209241064951 
3209241254137 
3209241039529 
3209241113198 
3209031023815 
3209031042433 
3209011109273 
3209011022818 
3209811097548 
3209221111275 
3209221162153 
3209231115929 
3209241013494 
3209241038187 
3209241106636 
3209241045268 
3209811099038 
3209811106614 
3209811119349 
3209241068214 
3209241065123 
3209021126422 
3209811043696 
3209241065148 
3209241021383 
3209241064949 
3209811046495 
3209021033959 
3209021132721 
3209021018183 
3209021042543 
3209811126336 
3209021019927 
3209811152142 
3205071139375 
3209811131327 
3209031134243 
3209021013421 
3209241047111 
3209811125923 
3209031119045 
3209811120302 
3209811129629 
3209811139957 
3209811068866 
3209811119876 
3206021083926 
3206021007727 
3206021091369 
3206011007234 
3206011007235 
3206011113927 
3206211025342 
3206211083578 
3209251101291 
3206211067817 
3207031120029 
3206231030752 
3206231060455 
3206211118567 
3207033039125 
3206231024801 
3206821082962 
3206231150150 
3206821105859 
3206811110494 
3206811011356 
3207031113284 
3206821119858 
3206811254382 
3206811110330 
3206821151227 
3207061007545 
3207061067834 
3207061149260 
3207061098888 
3207051101477 
3207061015953 
3207061123423 
3207011124692 
3206811110313 
3207011023505 
3207011144212 
3207011125384 
3206211024812 
3206211010195 
3206821007751 
3206821032657 
3206821060107 
3206821032658 
3206821025621 
3209811120513 
3206821095111 
3206821030031 
3206821060128 
3206821020444 
3206821069855 
3206231025633 
3206811029097 
3206811110499 
3206811254441 
3207061146614 
3206211035795 
3206211118566 
3210021019633 
3206211035824 
3206211031171 
3206211005121 
3206211080094 
3206211006097 
3209011150931 
3206211035822 
3206211067584 
3206211067814 
3206211035431 
3210031007299 
3210031105020 
3210031006605 
3206211009851 
3206811253119 
3206121062656 
3206121057591 
3206121047112 
3206121062666 
3206121047090 
3206811113134 
3206121047126 
3206811110465 
3206121149614 
3210021040767 
3206121006203 
3201061139086 
3210031123376 
3206121007376 
3206121255193 
3206841046169 
3201061143164 
3206841006640 
3206121154460 
3206841058281 
3206121047802 
3201061135624 
3206841034864 
3201061123638 
3206121047125 
3206111104559 
3206121047758 
3201061109227 
3201061123640 
3205041063342 
3205021080611 
3206841006641 
3206841060082 
3206841034503 
3206841034633 
3205061012443 
3205061012446 
3201061142162 
3205021028063 
3205061012356 
3205021017171 
3201061138264 
3205021097822 
3201061144774 
3205061043321 
3205821159461 
3205061011279 
3205061012434 
3205061020084 
3205061120740 
3205031061022 
3205081106501 
3205021012219 
3205821159644 
3205061012440 
3205031012216 
3205061012441 
3201061134724 
3205061122560 
3205061032340 
3205061030609 
3201061126978 
3205831028070 
3205061012041 
3205061253829 
3205061012631 
3205061012433 
3205061012436 
3205061012442 
3210031026868 
3205831023133 
3201061145371 
3205011012453 
3201061123047 
3210031006599 
3205011018219 
3210031044256 
3205011032568 
3210031041853 
3205011012449 
3210031007299 
3205011001482 
3205011032564 
3201061123467 
3205011028291 
3205011016265 
3205011012128 
3205051109015 
3205011012578 
3201061143569 
3205011045300 
3201061119156 
3201061135622 
3205011061383 
3205011031949 
3201061139008 
3205011091172 
3205011063658 
3205011012450 
3206111006296 
3210031021450 
3205021033506 
3210021061382 
3205021045291 
3205011012912 
3210031021450 
3205051163664 
3205011012913 
3210031030145 
3212011029768 
3205011012580 
3212011029819 
3201061132086 
3205011060761 
3205011025708 
3205051102590 
3205061161030 
3205011011973 
3205061012432 
3205011012579 
3205061069789 
3205011012127 
3205061034144 
3205061028065 
3210031046353 
3210031042690 
3210031042690 
3206821082953 
3205061164621 
3205061012447 
3205011032561 
3205061029279 
3205011012917 
3205001020374 
3205021060862 
3205011025293 
3205081116143 
3205011025696 
3205011031673 
3205011012914 
3205041028249 
3205041024794 
3210031008811 
3205061102581 
3205061012431 
3206811254421 
3210881030618 
3201051068303 
3205061012430 
3210031008811 
3205061025295 
3205031020153 
3210031008811 
3206811110230 
3205061037089 
3201051128263 
3205061253831 
3205031012214 
3205061020240 
3201051138597 
3205061030785 
3205031012147 
3201051133429 
3201051126078 
3205031018211 
3205031012213 
3205031037116 
3210031015779 
3210031040884 
3210031015779 
3210031040884 
3209241047500 
3210031165282 
3205041012221 
3201051135447 
3205041037470 
3205841100827 
3205811030581 
3205811057859 
3205811068360 
3205811057847 
3205811060986 
3201051123641 
3205811057813 
3201051132432 
3205811157448 
3210031040888 
3210031115512 
3210031115512 
3210031029448 
3206811101843 
3201051123636 
3206811102149 
3205021060898 
3205071012143 
3210031007301 
3201051145690 
3210031115502 
3210031115502 
3205021020154 
3205071012131 
3205071062482 
3206821060115 
3201051137632 
3205001012136 
3205071016334 
3206821030503 
3206821060278 
3206811110319 
3206821007742 
3206811254418 
3206811115667 
3205831012545 
3206821112669 
3206821007741 
3205811100897 
3205811100880 
3206811254441 
3205811100904 
3205811100938 
3205811150983 
3206811110499 
3206821060109 
3205811038888 
3206811113256 
3205811100891 
3206811124513 
3210031042555 
3210031044488 
3210031115015 
3201031123525 
3209821131931 
3201041121651 
3205061164388 
3201051121725 
3205811121648 
3201051143953 
3201051093767 
3205811057882 
3201041125760 
3206841006639 
3206841112576 
3206841112996 
3205811057794 
3205811057802 
3205811045283 
3205051162971 
3205071038864 
3206841068607 
3205831124256 
3205831020372 
3205831012544 
3201041138133 
3206841022174 
3206841015670 
3206841109014 
3206841112579 
3206841007150 
3205831106188 
3205831012550 
3205831016345 
3201051122442 
3201041121553 
3205831079943 
3201041123609 
3201051132144 
3205831111638 
3201021044590 
3205831016343 
3205831058747 
3205071019025 
3205831043596 
3205831012547 
3205831111634 
3206841034872 
3205831028064 
3201031136687 
3209821122344 
3201041130870 
3209821144227 
3201041141871 
3205001012138 
3205071012144 
3205831012531 
3205831111633 
3205831106256 
3205811151000 
3205071047862 
3205071012135 
3205071012134 
3201041138490 
3205061084013 
3201041139446 
3205061084013 
3201041126676 
3209821043976 
3205061084013 
3205011096097 
3201031001171 
3205061084013 
3205811057514 
3201041139225 
3201041132884 
3205811057868 
3205811057884 
3205811100939 
3205811100940 
3206841058282 
3205811121723 
3205811028859 
3206841027846 
3205831111101 
3206841034625 
3206841110881 
3206841006635 
3206841068518 
3206841008837 
3206841057861 
3206841112728 
3205071018210 
3206811110331 
3205001031672 
3205831025277 
3201041125203 
3206841058284 
3205811012620 
3205811057871 
3205811068350 
3205811057895 
3205811057801 
3205841011794 
3205071034139 
3205071038865 
3205841066078 
3206811011344 
3205821064063 
3205851033501 
3205811030465 
3206811061987 
3205811057858 
3201041120313 
3205851063217 
3205821149668 
3201041131865 
3205841100766 
3206811110317 
3205841100803 
3205841030045 
3205841100813 
3205071025697 
3205851063222 
3205821149670 
3205851063224 
3205851060751 
3201031057870 
3205851060744 
3205061163442 
3201041137781 
3205851110733 
3205811057788 
3205811163101 
3205831106189 
3205841025361 
3205831011971 
3205821149686 
3205821041674 
3205821149681 
3205821066852 
3205811057899 
3205811012529 
3205811057885 
3205811057789 
3205831012691 
3205811057791 
3205831032565 
3205831032000 
3205851038885 
3205831035896 
3205061012444 
3205831012546 
3205811031680 
3205011031708 
3205831023317 
3205821099314 
3205011016346 
3205821149682 
3205011012451 
3205811153095 
3205071012137 
3205011032343 
3205071019026 
3205011031682 
3205061124621 
3205821042291 
3205821041675 
3205821042290 
3205831061976 
3205071012132 
3205821097260 
3205831159407 
3205821149687 
3205851060754 
3205831111639 
3205831031998 
3205831011887 
3205821149684 
3205821042680 
3205831061977 
3205831031685 
3205831012534 
3207211038406 
3207211029338 
3207211006959 
3207211011276 
3205831030956 
3205831018218 
3205061025278 
3205061155984 
3205011025699 
3205841104773 
3205821064084 
3205011068653 
3205011068639 
3205841100872 
3205011028071 
3205001012139 
3205071030605 
3205011012130 
3205821149680 
3205821040963 
3205831163653 
3205821097209 
3201041129070 
3205831111099 
3205821041763 
3205821095602 
3205841011792 
3205821099318 
3205831145096 
3205831111116 
3205831062016 
3205831012533 
3205821097254 
3205821063660 
3205061161029 
3205821041809 
3205821083917 
3205811057888 
3205811057786 
3205811057851 
3205811057797 
3205811025705 
3205811057799 
3205811057863 
3205841011789 
3205821063661 
3205841100868 
3205841069392 
3205821162955 
3205811057598 
3205811020313 
3205841106635 
3205811012065 
3205811057856 
3205051162948 
3205051162948 
3205051162948 
3205811057772 
3205841025360 
3205841152606 
3205061164393 
3205841116315 
3205841093901 
3205841100882 
3205841065051 
3205821042288 
3205821041961 
3205841030961 
3205841100885 
3201031140709 
3201031122946 
3205841096957 
3205811057878 
3205831111089 
3206121047404 
3205831012829 
3205841012227 
3205841149000 
3205821041809 
3205841012226 
3207211124727 
3205061025701 
3207211036158 
3207211127202 
3201141122947 
3205831061959 
3201141126329 
3207211097120 
3207211100217 
3207211150415 
3207211006961 
3207211106852 
3207211106798 
3205821043014 
3206821026521 
3206111112876 
3205841012681 
3205841011790 
3205841060102 
3207211096148 
3207211110890 
3207211039291 
3205831061974 
3205841118497 
3207211006962 
3206811113140 
3205021045291 
3205841060848 
3205061161460 
3205061045866 
3205811057872 
3205841011787 
3205831083080 
3207211011093 
3205841100818 
3205841040272 
3205841041437 
3205831161006 
3205841012683 
3207051252736 
3205831012320 
3205011031679 
3205841069365 
3205831111086 
3205831106416 
3205841011784 
3205831036347 
3205841045815 
3205831025706 
3205841011791 
3205831083072 
3205841069717 
3205831039905 
3206211159980 
3201141137518 
3201141138350 
3206211067591 
3201141127730 
3201141137421 
3201141145732 
3205831012539 
3206211035904 
3205811012125 
3205001026703 
3205831159408 
3205851063221 
3205831061950 
3203211065733 
3203211064415 
3203211000536 
3203211024769 
3205831058385 
3205851110715 
3205831111087 
3205831012541 
3205831011888 
3203211018835 
3208291031044 
3205831046233 
3203211059894 
3203211080125 
3203211060178 
3203211022532 
3203211033400 
3203211000112 
3203211009600 
3203211015969 
3203211104522 
3203211011636 
3205851063224 
3203211039698 
3203211027066 
3206821151228 
3203211029638 
3206821006327 
3206821078536 
3203211023135 
3206821008902 
3203211093726 
3206821060169 
3203211029049 
3203211155657 
3203211094571 
3203211016764 
3206821060250 
3206821151232 
3206821060137 
3206821060292 
3203211043519 
3203211064787 
3203211084356 
3203211091185 
3206821060141 
3206821007630 
3206821008901 
3206821063609 
3206821060183 
3206821008898 
3206821151230 
3206821154400 
3206821060288 
3203211094083 
3203211043886 
3203211150479 
3203211009701 
3204041153084 
3201041137829 
3208021027436 
3208021027518 
3201041140750 
3208041027533 
3203111014150 
3205061012630 
3205821042291 
3203211095106 
3208301253777 
3206821095113 
3206821154407 
3206821060258 
3206821062836 
3207051124691 
3205831012629 
3205811159165 
3208111111115 
3206121156502 
3207051124863 
3201141123594 
3205851021412 
3205851063230 
3206841047426 
3206841008829 
3206841034862 
3206841057877 
3206841057487 
3210881063267 
3208311158125 
3208301003011 
3205831253681 
3208031059299 
3205821047691 
3205061151231 
3203821000171 
3203821036113 
3203821028662 
3203821036113 
3203821062652 
3203821018466 
3203821000430 
3203821101891 
3202811062282 
3208261111543 
3210881068638 
3209241013493 
3210841101274 
3210841020501 
3210841000852 
3210841109705 
3210841082623 
3210841097861 
3203821057990 
3210841097861 
3210031068633 
3203821095053 
3203821014607 
3210841113475 
3210841000861 
3210881111180 
3208111038697 
3208111047511 
3208111026232 
3203821080189 
3210841027325 
3203821081466 
3210841000617 
3208111034886 
3210841000617 
3208291080473 
3203821000274 
3203821113087 
3203821026454 
3203821063524 
3210841000621 
3203821009613 
3210841000620 
3210841114242 
3203821097946 
3203821031274 
3203821084301 
3203821013245 
3208111063172 
3203821058869 
3203821011477 
3203821037914 
3203821058420 
3203821011484 
3203821022215 
3203821023146 
3203821163360 
3203821017239 
3203821018969 
3203821018969 
3203821021245 
3203821018346 
3203821067150 
3203821093556 
3203821000418 
3203821112607 
3203821061161 
3203821014885 
3203821077744 
3203821096322 
3203821111562 
3203821036152 
3203821107433 
3203821007757 
3203821029386 
3203821040996 
3203821064808 
3203821040531 
3203821109091 
3203821038685 
3203821016081 
3210841101355 
3203821095692 
3208111018876 
3203241031437 
3210231164720 
3203001029957 
3203011028393 
3203001027880 
3203121020998 
3203121252977 
3208111082769 
3203821096800 
3203121252975 
3203241014061 
3203241097414 
3203241038738 
3209011012974 
3203241065476 
3203241015154 
3203241041786 
3203241039434 
3203241044925 
3203121019224 
3203121015504 
3203241029296 
3210841020588 
3203241015832 
3210841068778 
3203241030279 
3203241031027 
3203241013012 
3210841068840 
3203121014185 
3210841163869 
3203121046905 
3203241027004 
3203241021551 
3210841016769 
3203121084004 
3203241020534 
3203241039561 
3210031153266 
3203241044169 
3203121034372 
3203241034361 
3203121011377 
3203121023922 
3203241013959 
3203241040834 
3203241029862 
3210231000331 
3203241020903 
3203241033453 
3203241027034 
3203241034596 
3203241027715 
3203241030658 
3209211030656 
3203241032567 
3203241058225 
3209211160343 
3203241046642 
3203821015835 
3203241040363 
3203241033200 
3203821029794 
3203001059948 
3203121020095 
3203241028425 
3203241015524 
3210841111576 
3210841111576 
3210841101355 
3203241030176 
3203241097187 
3210841000612 
3203241068896 
3210841000612 
3203121029306 
3203241034072 
3203121032035 
3203121014162 
3203121093486 
3203121025798 
3210841040916 
3203111032917 
3210841113296 
3203241013972 
3210841000865 
3210031040286 
3203241057811 
3210841000865 
3207221124851 
3210031160140 
3203121014785 
3210031162301 
3210031034377 
3210841000863 
3210031020873 
3210841000867 
3210841111131 
3203121014081 
3210841163070 
3203111013186 
3210841160610 
3203121084844 
3203121014883 
3210031040286 
3210031041511 
3203011105056 
3203211000485 
3209211150158 
3210841000865 
3203121027529 
3203121015507 
3203121033527 
3203121016028 
3209211150352 
3210841015090 
3210841023447 
3210031160140 
3203121029783 
3210031020873 
3210021060662 
3203111151528 
3209211163303 
3209211033983 
3209211003578 
3210841114242 
3203121078246 
3203211030902 
3203121047755 
3203111057774 
3203121082418 
3209211158870 
3203821081461 
3210841105870 
3209211149828 
3203121061172 
3203121042045 
3210231023790 
3203221003416 
3203811013747 
3203051030617 
3203051025513 
3202811083301 
3203051025077 
3203051046188 
3210031115522 
3203221064519 
3210031007294 
3203221078392 
3210031115522 
3203221063199 
3212021119771 
3203221084366 
3203221043858 
3203121060893 
3209221035968 
3203221095570 
3203221035249 
3203221021536 
3203221026501 
3209221038661 
3203221096720 
3203221106685 
3203221065020 
3202811024987 
3203221037841 
3203221014884 
3212831122903 
3212821136178 
3212821034111 
3212821021720 
3212821022056 
3212821045184 
3212821002872 
3212821119531 
3212821027460 
3203221026593 
3212821005129 
3212821016472 
3212821036218 
3212821127646 
3212821037478 
3212821003258 
3212821013212 
3212821032870 
3212821119142 
3212821003256 
3212001062239 
3212831102429 
3203111017469 
3208261079942 
3212831000939 
3203111093789 
3210881110832 
3212831001387 
3203111066017 
3203111041645 
3203011019380 
3203011017274 
3203111084312 
3212831133000 
3203111045305 
3203011017274 
3203011032685 
3203011027523 
3212021123313 
3212021003989 
3212021161096 
3212021032388 
3212021150906 
3212021123311 
3208261094383 
3212831065262 
3208261105276 
3212831000943 
3212831019486 
3208261059742 
3208311058131 
3208261105319 
3208261047218 
3208261156771 
3209231066832 
3210021161711 
3210881110681 
3208261057869 
3203811093939 
3208021252526 
3208261059930 
3208111027228 
3208111057454 
3208261091179 
3203031045713 
3203811013750 
3208261098232 
3208031026713 
3208261111418 
3208031159164 
3208301004924 
3203221031975 
3208041042360 
3203051061424 
3210231112267 
3203051033997 
3208041042320 
3208261091616 
3208041042265 
3208041160310 
3208041068742 
3208041041123 
3208041105091 
3208041003798 
3208261059707 
3208261156811 
3212831001513 
3212831065230 
3212831032833 
3208261107402 
3208031027942 
3208031002549 
3208031069788 
3208031160820 
3208301062686 
3208261005500 
3208031021527 
3208031002550 
3208301108268 
3208021104633 
3208261162584 
3208041159567 
3208031160812 
3208041059167 
3208031113236 
3208031058211 
3208031160817 
3208031160810 
3208041078523 
3208111042709 
3210811033900 
3208031160821 
3208031026235 
3208031159478 
3208031116053 
3208031160819 
3210881111227 
3208301096614 
3208041042266 
3208261082550 
3208261080505 
3208041040858 
3208041042867 
3209021012979 
3208041068741 
3208301018840 
3203051025512 
3203051046735 
3203051080036 
3212031145304 
3212031143398 
3212031121530 
3212821140436 
3203051025335 
3208261098228 
3208261062575 
3203051043198 
3208261057827 
3208261062576 
3208041059168 
3208041068763 
3208261061409 
3208041041625 
3201161041941 
3208261093573 
3208031114522 
3208261037893 
3209211037584 
3209211047405 
3209211005689 
3209211106204 
3210811002880 
3212811154853 
3212821140906 
3212821045488 
3212821143138 
3212811143576 
3212811143451 
3212811146761 
3212811140995 
3212021139592 
3212831001512 
3212021140714 
3212831020526 
3212831024511 
3208301104758 
3208301016185 
3208301113071 
3212811144523 
3212811157236 
3212811001269 
3208261156783 
3212811157236 
3210811157983 
3212831080608 
3212831043973 
3212811121994 
3212811033620 
3212811033723 
3212811118785 
3212811146729 
3212811144125 
3212811121806 
3212031031754 
3212811007866 
3212811084192 
3212811143626 
3212811141630 
3207051124863 
3210811157985 
3212811044223 
3212811007861 
3210881007331 
3212831044405 
3212811038305 
3212811005828 
3212811021308 
3212811125927 
3212811007864 
3212811024697 
3212811123203 
3212811021874 
3212811006511 
3212811045389 
3212811028824 
3212811119037 
3212811007871 
3212811142127 
3212811122041 
3212811042795 
3210881104924 
3212811015422 
3212811006513 
3212811143865 
3203221066072 
3203221070168 
3203221014800 
3203221038439 
3208031026244 
3204041083118 
3208031062268 
3204041006249 
3204121109874 
3204121009153 
3211111162911 
3204121153041 
3208261037377 
3208031057763 
3203221044486 
3203221027982 
3203221035248 
3203221097427 
3212831016985 
3210031006592 
3201111123054 
3209211044640 
3201111140635 
3210811002785 
3208261099277 
3208261105566 
3208031061291 
3202811041287 
3210811113589 
3210811002879 
3210811002878 
3210811002874 
3210811026746 
3210811019470 
3210811020969 
3210811026747 
3210811023265 
3210811034299 
3210811002873 
3210811002875 
3210811021829 
3210811031845 
3210811002877 
3204021096440 
3204021083156 
3204111009158 
3204021094284 
3204111007896 
3202021252774 
3204121080600 
3204111009155 
3204111001975 
3208041078522 
3208041042701 
3208041096346 
3204821083750 
3204821016888 
3204821109070 
3204821083812 
3204121007443 
3204821133442 
3204821068848 
3204121083930 
3204121110711 
3204121107469 
3204121007447 
3204121068523 
3211021118969 
3211021119729 
3208041042495 
3208041068739 
3208041043062 
3201031123580 
3211831068817 
3211821128546 
3211831123462 
3211831254069 
3202811033838 
3201141095248 
3201131123637 
3211821126425 
3211821121974 
3211811162203 
3211831129756 
3211831120504 
3211111253760 
3211111123960 
3208041068740 
3211831137639 
3211821125886 
3211011119782 
3204121096071 
3204121024116 
3204121009170 
3204121047151 
3211811121291 
3211011093735 
3208041108291 
3204811038773 
3211011123916 
3211811121098 
3211811134799 
3211811146960 
3208041068732 
3211121119228 
3208041113537 
3211811119873 
3211121159351 
3208041068735 
3211811123368 
3211811125623 
3210881018535 
3203221098273 
3203221025394 
3204811120855 
3204811028148 
3204811106956 
3204811038639 
3204811064767 
3211811146280 
3211811119311 
3211811131006 
3211121005629 
3211121032954 
3211011006320 
3211121023235 
3211011097910 
3211121062563 
3201131128735 
3211821126631 
3202111010784 
3207031096312 
3208291098979 
3208291017130 
3208291058397 
3210881043277 
3208291031568 
3208291044089 
3211021147977 
3208291040748 
3208291155671 
3208291020840 
3208291041682 
3208291036309 
3208291033017 
3208291160963 
3208041108175 
3208291057443 
3208291062895 
3208291062642 
3208291003451 
3208291040784 
3208301093617 
3208301114825 
3208291012894 
3210881010212 
3203001014525 
3209821135632 
3209821014451 
3203221047189 
3210231000286 
3209821038330 
3211011133426 
3208011097610 
3210881029087 
3210881102357 
3210811002787 
3210881009471 
3209221018883 
3209251122996 
3210881033162 
3209021012979 
3209251028231 
3208261038067 
3208031029724 
3210881007331 
3207051164558 
3207051164540 
3210881039447 
3212811016949 
3212811034579 
3208301017482 
3207241038838 
3203031025875 
3203031014273 
3203031047317 
3203031060146 
3203031069521 
3203031013329 
3212811007869 
3203051084099 
3203031033113 
3203221105725 
3208031040745 
3211831138674 
3212811143044 
3208041163498 
3203031014272 
3203031108905 
3209231128382 
3210881252935 
3203221082850 
3203221009648 
3210881039447 
3203031157998 
3210881042794 
3208291164683 
3208261057874 
3213021008713 
3213021084337 
3212811024363 
3208301026705 
3213021014752 
3210881007327 
3210881032942 
3210841162185 
3212821121142 
3212821034613 
3212821002871 
3212821141873 
3203031064060 
3210881009136 
3202111009421 
3209211114891 
3207221155250 
3209211155010 
3209211116250 
3202111112890 
3209211083023 
3209211064267 
3209211028542 
3213231031397 
3209211004830 
3209211102812 
3213021026730 
3209211164847 
3208041000654 
3207221155275 
3213021006965 
3213021108564 
3213231069781 
3213231081245 
3208011002814 
3213231019988 
3208011081523 
3208011064682 
3208011002806 
3208011096146 
3208011105644 
3208011057908 
3210881065219 
3208011095109 
3208011107295 
3208011063632 
3210881165205 
3208011081406 
3208011015310 
3208011102428 
3208011096160 
3208011040631 
3210881023267 
3208011107191 
3210231000144 
3208011156224 
3213231029523 
3208011110807 
3208011005048 
3208011036978 
3208011102042 
3208011148995 
3208311027739 
3210881095192 
3213111062609 
3208011002809 
3213111059479 
3213111008621 
3208011039175 
3213111064081 
3208011102593 
3210881009041 
3208311000630 
3210881019698 
3210881068176 
3210881068638 
3210881042794 
3213021026729 
3210881165205 
3210811046815 
3210881009471 
3209211009189 
3210881007333 
3210881009146 
3210881007333 
3210881009138 
3210881009138 
3210881009138 
3208041040689 
3208311034143 
3207221146476 
3208041150792 
3206811254381 
3208011107189 
3208011019597 
3210881023269 
3201041163296 
3210881060593 
3208301158102 
3203011033715 
3212021141273 
3212021026118 
3212011007098 
3210881058468 
3212011123862 
3212031032319 
3212031143096 
3212031141967 
3212031020576 
3212031003910 
3212031003911 
3212031003563 
3212031123298 
3212031045168 
3212011006553 
3212031123301 
3212011007099 
3212031000389 
3212011147522 
3210881023269 
3210881023269 
3208311000910 
3210881026341 
3210881009044 
3203021020935 
3203021027883 
3209031037466 
3212841044084 
3212841008776 
3212841126755 
3212841126224 
3212841142954 
3209031158335 
3212841137922 
3212841125590 
3212841002757 
3212841040192 
3212841144995 
3212841019796 
3212841008413 
3212841002649 
3212841030640 
3212841032956 
3212841007546 
3212841124151 
3212841143185 
3212841032957 
3212841021721 
3212841112189 
3212841125973 
3212841108352 
3208311018264 
3205071122641 
3207061067834 
3210881023269 
3208041253975 
3212831003240 
3212831143033 
3212001053139 
3212831000942 
3212831080542 
3212831001386 
3212831143035 
3212831162983 
3212831146218 
3212831138882 
3203111099257 
3203111033887 
3213021112726 
3206231112237 
3206121007341 
3208041046434 
3206121029355 
3210881042785 
3210231000144 
3210231000601 
3210231252506 
3207231039700 
3207231028899 
3207231047188 
3207231032586 
3207231025880 
3207231025886 
3207231040872 
3207231035064 
3207231063706 
3207231019642 
3211821066007 
3210231040013 
3211821150566 
3211821122111 
3206121047744 
3207231034970 
3207231034755 
3207231007696 
3207231063703 
3207231026404 
3207231063708 
3207231035065 
3211121031742 
3207211044472 
3207211097107 
3207211042132 
3207211043982 
3207211040674 
3207211063263 
3207011035046 
3207011025884 
3207011139311 
3207011120094 
3207011164394 
3211121161992 
3207231065960 
3207211107066 
3207241038752 
3207241109656 
3207241162142 
3207211107002 
3207241108838 
3207241154928 
3207211107000 
3207241108853 
3207211155268 
3207241035794 
3207211005917 
3207211028634 
3207211063361 
3207241021927 
3207211153199 
3207211153199 
3207241108843 
3207211107003 
3207241031474 
3207211122216 
3207211041128 
3207211042018 
3207211106975 
3211821017415 
3207241108840 
3207241026405 
3208111039541 
3207231036091 
3207231006957 
3207241024187 
3207241032502 
3207231006956 
3207231038786 
3207231157311 
3207231118491 
3207231152834 
3207241093929 
3207231006954 
3207231032879 
3207241114217 
3207241108850 
3207241043551 
3207211007368 
3207211109919 
3211121062022 
3211121160334 
3211121023028 
3211821150406 
3211821140871 
3211121023234 
3211121255654 
3210231068975 
3207241023844 
3207241038850 
3207241039483 
3207241061143 
3207241159991 
3207241065261 
3207241116133 
3207241094569 
3207241060478 
3211121102281 
3211821120289 
3211121160336 
3211121111653 
3211821125972 
3211121150556 
3211821063531 
3211121163275 
3211121152724 
3211821145334 
3211821120374 
3211121060697 
3211121021633 
3207241094520 
3207241155563 
3207241162976 
3207241065255 
3207241033712 
3207241037688 
3207241045822 
3207241045822 
3207001059937 
3211821108432 
3211121045423 
3211121255659 
3210231018869 
3210231163190 
3210231000287 
3210231000602 
3210231000602 
3211821020679 
3210231069065 
3211821057561 
3211821121152 
3211811123224 
3211111154124 
3210231000142 
3207241153116 
3207241032440 
3207241030193 
3207241030226 
3207241108846 
3207241007504 
3207241035067 
3207241044494 
3207241045092 
3211021161439 
3211021161444 
3211811108328 
3211821042353 
3211021008849 
3211021163314 
3211021158585 
3211021029390 
3211021006715 
3207241108836 
3207061064932 
3207061064751 
3207051082916 
3207051106706 
3207051023175 
3207051106477 
3207051007363 
3207051021702 
3207051007370 
3211121160729 
3211121096525 
3211021164769 
3207031062883 
3207031155649 
3207031097403 
3207031026402 
3211811031138 
3207031030084 
3211811038091 
3211111098594 
3211011163270 
3207061004998 
3207061084342 
3207061026409 
3207061029343 
3207051033010 
3207051032874 
3207061027811 
3211021063062 
3211021163483 
3211111116283 
3211011063783 
3211021153621 
3212831151681 
3212831162925 
3211811033742 
3211021008938 
3211021150144 
3211831029700 
3211811023681 
3211111162762 
3211831008848 
3207221035776 
3207221022584 
3207221099940 
3207221035775 
3207221035851 
3207221035852 
3207221029542 
3211831099475 
3207221011270 
3207221021919 
3211811057745 
3211811044063 
3211811044467 
3211811038999 
3211811032412 
3211111115665 
3211831083641 
3211811040271 
3211831153226 
3211831034068 
3211831059759 
3207221027855 
3207221047187 
3207221026408 
3207221011092 
3207221035773 
3207221080101 
3207221020151 
3207221063748 
3207221065539 
3207221039135 
3207221069775 
3207221020148 
3207221068978 
3207221080115 
3207221110323 
3207221080109 
3207221080107 
3207221034884 
3207221158918 
3207221108622 
3207221078245 
3207221095764 
3207221080117 
3207221080103 
3207221032247 
3207221153461 
3207221096751 
3207221155100 
3207221034883 
3211831034001 
3211001027641 
3211811021636 
3211811042012 
3211831043009 
3206211010192 
3211831081247 
3211811032936 
3211811030968 
3211811078240 
3204021106415 
3211811097934 
3206211163331 
3206211067819 
3211831161015 
3211831162028 
3204021009029 
3211811094322 
3204821080482 
3204821066085 
3204821102028 
3211831155718 
3211811006731 
3204821030816 
3211831039600 
3211831023233 
3211811152787 
3211811039003 
3211811082002 
3211811006730 
3204821024112 
3206211024807 
3204821046266 
3204821065850 
3204821162686 
3202021057975 
3206211067575 
3204821057913 
3204821025970 
3204821161066 
3204821102503 
3204821063332 
3211831097908 
3206211033767 
3211811032645 
3211831037842 
3206211010197 
3211811061106 
3204821097840 
3211831162504 
3211831028605 
3211831006584 
3211811038990 
3211831006523 
3211811039896 
3211831161017 
3211831081248 
3211811023016 
3211811008937 
3211011155346 
3206211067584 
3206211044142 
3211831030283 
3211831008935 
3211811039001 
3204821110619 
3204821163208 
3204821082637 
3204821155895 
3204821116086 
3204821162698 
3204821030808 
3204821110692 
3204821083577 
3204821066084 
3204821082672 
3204821111436 
3204821162490 
3204821097821 
3204821099179 
3204821080063 
3204121024292 
3204121157691 
3211811042011 
3204041064855 
3204021099028 
3204021024121 
3211011157263 
3204121028154 
3204121118489 
3204121162752 
3204121152196 
3204121159436 
3204121099906 
3204121066783 
3204121069427 
3204121058534 
3204021059676 
3204041156693 
3204021155020 
3204021004226 
3204041078180 
3204041043193 
3204041042826 
3204021059586 
3204021037997 
3204021096359 
3206211159980 
3204041079952 
3204041096591 
3206211080095 
3204041154821 
3211811005289 
3202051064299 
3202051057587 
3202051064300 
3211821023240 
3211811020939 
3202021032940 
3202021152170 
3202021009859 
3204121001976 
3204121001973 
3204121252565 
3204121041259 
3204121018553 
3204121007445 
3204121021716 
3211811058505 
3211811020821 
3211811044087 
3211811039302 
3211821033599 
3204041001955 
3204021163477 
3204041099029 
3204041042179 
3204021161432 
3204021162102 
3204021060566 
3204021034041 
3204111035699 
3204041112206 
3204041160800 
3204111038934 
3204041025455 
3204111157763 
3204041102899 
3204041007599 
3204111114341 
3211811031896 
3204111012092 
3204111253339 
3211811058390 
3204111091201 
3204121102572 
3202061010068 
3202061064304 
3211111252754 
3204021005838 
3204021099031 
3204021005995 
3204121041653 
3204121058327 
3204121043879 
3204121113588 
3204121110100 
3204121161630 
3204121066777 
3204121069613 
3204121102860 
3204121157835 
3211811045533 
3211811029929 
3211811094351 
3211821096684 
3211821063528 
3204121157290 
3204021026667 
3204021026726 
3208111003448 
3204021091313 
3204021091312 
3204021005993 
3204021152168 
3202061025035 
3204021063919 
3206121047227 
3206121005988 
3202051095165 
3208111029013 
3208111068225 
3204121152092 
3208111043740 
3204041045909 
3204041100660 
3208111043488 
3204041109149 
3204041028401 
3204041099025 
3204041041522 
3207001059937 
3207011026406 
3207011035046 
3207011025884 
3202041044059 
3202041024988 
3202041042409 
3202041010925 
3202041010690 
3202041160224 
3204041158470 
3208111004827 
3204041114810 
3204041158275 
3204821097206 
3204821252861 
3202021151141 
3208111069147 
3206231150150 
3208111162198 
3208111026277 
3206231005616 
3206231029022 
3206231007477 
3208111027258 
3208111068030 
3202061096283 
3206991115339 
3202061010911 
3206121027651 
3208021059691 
3202811111430 
3202811015517 
3206011060740 
3204021043395 
3204021160922 
3202811061923 
3208111041288 
3208021002815 
3208111061148 
3206121047128 
3208111020563 
3208111005049 
3211811162044 
3211811022672 
3202811062269 
3201151020731 
3207231028303 
3207231034756 
3208021002812 
3208021164486 
3204121161487 
3207231153551 
3208021080331 
3211811043963 
3202811026712 
3208111027438 
3201151067245 
3202811062265 
3206991149370 
3206991115399 
3206991158882 
3206021037886 
3206021091461 
3201151028151 
3206021110951 
3202061015567 
3201151031151 
3206021153696 
3202061035085 
3206231068965 
3208021116296 
3206021099453 
3208301026900 
3206231060489 
3208021057713 
3206231060470 
3208111030382 
3208301028772 
3206011043701 
3208021016726 
3208021104634 
3204111008930 
3204111034628 
3208021015328 
3208111018879 
3208301005603 
3204111160315 
3204111163717 
3204111026993 
3204111253287 
3204111160859 
3204111083933 
3204111041668 
3204111095006 
3204111041140 
3204111107926 
3201021107831 
3201151018410 
3208021044864 
3208311038576 
3206231042933 
3208021044136 
3208021116245 
3202061060959 
3206231060474 
3201021007842 
3204111028399 
3201021019548 
3201151001529 
3207231011159 
3207231030070 
3207231149914 
3207231018536 
3207231110452 
3207231059733 
3201021078424 
3204121153046 
3202021010067 
3201021043393 
3204111004198 
3204111026764 
3208111003397 
3204111042042 
3204111040943 
3204111001978 
3204111107317 
3204111007895 
3204111080535 
3204111008709 
3204111099124 
3204111043015 
3204111082005 
3202051047268 
3202051011473 
3208261066754 
3201021063329 
3201021007683 
3204111034627 
3201021044590 
3201061009703 
3202021035077 
3201071042999 
3202061081236 
3206841034633 
3206231066870 
3208111059842 
3206841038380 
3201061068564 
3206231030752 
3206231068964 
3202811061929 
3204121030043 
3206841112576 
3206841039745 
3204121043968 
3204121155637 
3206841112968 
3206841034864 
3206841058284 
3202811061922 
3206841034625 
3206841058281 
3206841006639 
3206841058282 
3206841015670 
3206841068518 
3206841112996 
3206841109014 
3206841022174 
3204121083914 
3206841008837 
3206841034503 
3208021043107 
3208021023540 
3201021099861 
3208021150305 
3208301011308 
3208301113098 
3204121007531 
3204121002533 
3204121163557 
3204121112192 
3204121080553 
3204121162475 
3204121014710 
3204021009028 
3204021161268 
3204021099034 
3202811006266 
3204121062713 
3208021029401 
3204121161489 
3204121062714 
3204121020114 
3207231005008 
3211811040799 
3201061155433 
3202811019913 
3202811115392 
3201061112497 
3202021033726 
3207231061157 
3207231011163 
3207231034757 
3207231036155 
3202051015086 
3206121028118 
3206121007338 
3206121046886 
3206121025211 
3206121057535 
3202051060961 
3204121028424 
3202811061908 
3208291037461 
3201151002385 
3208041065934 
3201151009124 
3207241061021 
3207241021045 
3208021094218 
3201151002386 
3202011017641 
3207241042737 
3202011032948 
3201151030970 
3202011010578 
3207231046881 
3202011038074 
3207231018829 
3201151009035 
3202011057583 
3208041115799 
3204121024919 
3208041159574 
3204121102106 
3201151032095 
3204121002477 
3204121001962 
3204121160147 
3208041080333 
3204121157775 
3202011010835 
3202011025872 
3208291063865 
3208291027142 
3204121156125 
3204121041332 
3204121007593 
3202811062255 
3202011010917 
3202811061926 
3204121160162 
3202011009786 
3204121157764 
3204121109159 
3204121031063 
3204121028887 
3204041047352 
3204041108364 
3204121033244 
3204121078552 
3204121004238 
3204121005989 
3204121024341 
3204121043534 
3204121032030 
3204121033282 
3204121009017 
3204121063734 
3204021099017 
3206841034863 
3206841034872 
3202811064597 
3206841006635 
3206841057773 
3206841034587 
3206841006640 
3206841112728 
3206841112579 
3206841006641 
3206841068607 
3206841046169 
3206841029495 
3206841110881 
3206841057877 
3201151033274 
3202051061344 
3204121161473 
3204121029782 
3204811006069 
3204121024906 
3204811159648 
3206021093555 
3204121030033 
3201151008699 
3204121002474 
3204811044388 
3202811061430 
3202811062256 
3201151091232 
3207231019643 
3207231028304 
3201071025787 
3207231153579 
3207231030285 
3202811062282 
3204811094602 
3201151064634 
3211011161344 
3206021065461 
3201041097942 
3204811162961 
3201151008701 
3204811112234 
3204121105418 
3206021149091 
3204121109158 
3201151020127 
3201151010265 
3204811024425 
3204811114950 
3201031001171 
3204811008014 
3204121042369 
3201151008700 
3202811111512 
3202811061932 
3201151031067 
3204121017572 
3202811062272 
3201151032240 
3204121027745 
3204811097280 
3204121161567 
3202051021779 
3204811008054 
3204121039005 
3204811064981 
3204811098043 
3204811033281 
3204811006145 
3204811028483 
3204811156287 
3204121018164 
3204811006142 
3204811097864 
3204811104540 
3204811008052 
3211011021634 
3204811022781 
3204811096793 
3204811006072 
3204811009167 
3204811068330 
3204811044189 
3204811006070 
3202811062274 
3202811061426 
3204121008057 
3204811163455 
3211011040560 
3204811044666 
3211011023700 
3201151041620 
3211011060575 
3211011253038 
3203121160578 
3202021060596 
3201151002384 
3201151042899 
3211011023326 
3211011253040 
3204811039852 
3201151008698 
3201151034274 
3204811058753 
3201151020737 
3201151009036 
3202811062033 
3202011096281 
3204811009168 
3201151001236 
3204811006146 
3202011009420 
3211821113830 
3204811044482 
3201151009038 
3207231062834 
3207231081501 
3207231104604 
3202111064290 
3207231106602 
3204811084100 
3206011116481 
3207231157935 
3201151001547 
3206021156673 
3208301097512 
3207211107000 
3207211042018 
3207211107002 
3207211107066 
3207211106975 
3207211109919 
3207211041128 
3207211107003 
3207211042132 
3207211111544 
3207211106852 
3201031002064 
3201151018496 
3206991156840 
3206991153630 
3201031026629 
3211821007686 
3201041064139 
3204121045674 
3204121078580 
3201041007929 
3204811028480 
3201151058653 
3204811069725 
3201041018501 
3201151083890 
3201151018411 
3204121084118 
3202811061928 
3201151009125 
3203051111671 
3202811062266 
3203051059747 
3203011041494 
3204121010224 
3206021025217 
3206021113894 
3203051105794 
3203051037833 
3203821104854 
3206021040289 
3207051252728 
3207051032880 
3207051155705 
3207051104640 
3204121081426 
3206121067051 
3202011030954 
3206121016581 
3206121115970 
3203821039949 
3202011011125 
3202011115398 
3201151031370 
3201151001121 
3201151008578 
3208111066113 
3212831015649 
3201151033273 
3201151032243 
3202811111507 
3201151001118 
3202811062262 
3202811062280 
3201151042178 
3203821059378 
3201151001564 
3201151009037 
3201151067972 
3202111010908 
3202011036216 
3202111010784 
3202111010784 
3201151001240 
3202111110562 
3202111010910 
3202011035102 
3201151005851 
3202011108396 
3201151002382 
3202111026044 
3202111030542 
3202111080080 
3203211027534 
3203021036595 
3211011044403 
3203021030009 
3211011098555 
3206231112388 
3201111034067 
3206231150208 
3202811028946 
3202811011569 
3206121057594 
3202111018325 
3207221068978 
3206121047019 
3201111003462 
3206121155665 
3206121149608 
3206231060469 
3203051155244 
3206231150203 
3201111036223 
3206231032659 
3206121034636 
3203011083802 
3206121047029 
3206231254133 
3201151009129 
3207221020148 
3207221069775 
3207221039135 
3207221065539 
3207221063748 
3207221020151 
3201151009128 
3207221080101 
3207211020813 
3207211011274 
3207211106998 
3207211106988 
3207211111661 
3207211065274 
3201111018078 
3201111032652 
3201111028430 
3202051064302 
3201111008099 
3203211041794 
3201111025779 
3202051032430 
3201111008105 
3203211018835 
3202811062281 
3201111032244 
3201111019719 
3202011110741 
3201111008101 
3202811061924 
3202811115315 
3206021018963 
3206121078337 
3206121005985 
3206121113922 
3206121046163 
3206121062540 
3206121021703 
3202811062264 
3202811112344 
3206841057861 
3206841008829 
3206841027846 
3206841110683 
3208041151827 
3206121062663 
3203211022532 
3203211030296 
3203031108905 
3203211000092 
3206811110409 
3203211019317 
3203211024847 
3203211000536 
3203211026381 
3203211023111 
3202021105354 
3203211155436 
3203211022535 
3203211000549 
3203211150464 
3203211105763 
3208041165356 
3208041093885 
3203211150485 
3206841116477 
3206841110679 
3206841038862 
3206121047834 
3206121034780 
3206121047696 
3206121162928 
3201161007104 
3208041032448 
3201161020035 
3203211150739 
3201161064349 
3206821042835 
3206821060141 
3206821164809 
3206821064284 
3206821030174 
3206821162877 
3206821160576 
3206821064100 
3201161005843 
3206821151228 
3201161064675 
3206821164555 
3209031011720 
3206821029023 
3203211151580 
3201161042611 
3202811061927 
3206821162588 
3201161064346 
3206821026521 
3206821162014 
3206821007746 
3207221108622 
3207011035046 
3207001059937 
3208041099021 
3207211106852 
3206821025619 
3207211111544 
3207211109919 
3201161023705 
3206121022833 
3207211042018 
3208041101197 
3207221080109 
3207221095764 
3207221034883 
3207011025884 
3208041082794 
3207221080107 
3207011026406 
3206821015568 
3203121162718 
3207221034884 
3207211042132 
3206231163293 
3207221080117 
3207211107003 
3203111067422 
3207221080103 
3207211041128 
3207221155100 
3207241042737 
3207221078245 
3206121152688 
3206821007628 
3201161043705 
3201161041941 
3201161007306 
3206121062674 
3207221032247 
3201161005363 
3207211106975 
3208041068773 
3207221096751 
3206231038157 
3207221080115 
3208041105090 
3206231005648 
3208261016182 
3206231060398 
3208041093884 
3202811060534 
3208041093798 
3206231150529 
3208041111177 
3203011101383 
3201161001560 
3206231162529 
3208041083831 
3201161019712 
3208041079853 
3203031058046 
3201161018000 
3206821154400 
3206821032658 
3208041084276 
3201161080614 
3208041080274 
3201161041251 
3208311028183 
3202111037672 
3201161002275 
3206821032031 
3201161108366 
3201161108544 
3201161020734 
3206821063171 
3204121007446 
3206821060274 
3203011108974 
3203011152149 
3203021033575 
3203111025356 
3203051025653 
3203111114593 
3208031058211 
3206821039044 
3206821007741 
3201241007970 
3206121160471 
3202811111509 
3211021098665 
3206231017658 
3206231036488 
3201241017502 
3201241005942 
3201241009032 
3207211106631 
3207211107000 
3206821019230 
3207211107002 
3207211107066 
3201241005948 
3201241018413 
3208031002549 
3207241038838 
3207061034760 
3207051026393 
3207061102113 
3207061057611 
3207061033260 
3207061031765 
3207061155622 
3207061061951 
3207061164930 
3207051034761 
3207061067206 
3207221110323 
3201251042300 
3201251018886 
3201251041336 
3201251001247 
3203811091402 
3202111025063 
3202111112890 
3201241046072 
3201241005941 
3206811110466 
3202111009593 
3201241005939 
3202111112891 
3202061011116 
3201241002377 
3202031057582 
3201241018407 
3201241070215 
3202061064305 
3201241020762 
3202041026702 
3206811110425 
3206811110320 
3201241058157 
3201241017166 
3201251043052 
3206231060457 
3202061044098 
3202031010335 
3206231077893 
3206231005656 
3202061017839 
3202031010491 
3206231060455 
3202061064292 
3209221031996 
3206231060484 
3202061062029 
3206231004493 
3206821024186 
3209221033128 
3201051099849 
3202031026021 
3201241031863 
3202061038104 
3202111108924 
3202061091384 
3201141068347 
3201251001248 
3201241026943 
3201141018081 
3201251002063 
3202111057580 
3201251019789 
3201141025785 
3201251019720 
3202031011135 
3201251019707 
3201251019708 
3201141007736 
3201251005366 
3201251028432 
3201041007210 
3202061064303 
3202061010907 
3209221032032 
3209221040461 
3209221005571 
3201241025465 
3209221045153 
3209241064951 
3209221150368 
3209011084289 
3201241042589 
3209241005018 
3201241005944 
3209031003576 
3201241005938 
3201241061384 
3201241025778 
3201241005945 
3206231005652 
3206811110325 
3201241033222 
3201241001116 
3209241023048 
3209241065147 
3202031058376 
3202031035199 
3202811062279 
3209251162076 
3201251006889 
3201251001541 
3209241042019 
3201251009148 
3209241018970 
3209221037988 
3206231060466 
3209221005604 
3209221105445 
3206231150182 
3206231022176 
3206811029939 
3206811011355 
3206811116037 
3202031047848 
3209251023869 
3202031097772 
3206821030682 
3201241001549 
3201241068770 
3201241025842 
3209221014587 
3201251041345 
3201251091085 
3209221038336 
3201251091115 
3201251109752 
3209221040460 
3208291037460 
3208291064326 
3209221080011 
3208291031959 
3208291041592 
3208291081327 
3209251162091 
3201241003732 
3201241005946 
3201241005940 
3209251163842 
3201241059871 
3208311034035 
3209001031567 
3209231254114 
3208031114736 
3208031041310 
3208301104960 
3208031041600 
3209821039825 
3209241029019 
3209241039926 
3209241033818 
3208031017175 
3202111046552 
3208261163841 
3208031046512 
3208031081878 
3202111011038 
3208301114740 
3209021046901 
3208311081370 
3206231044537 
3209021022429 
3202811064991 
3209251162089 
3209221042066 
3206811110327 
3208041022684 
3208031098727 
3208041015054 
3208041020688 
3208261034289 
3208261081470 
3209021027830 
3208261061400 
3206811110336 
3209821044750 
3209231113333 
3209821030443 
3208301004816 
3209811112336 
3209821037786 
3209811099071 
3208261061305 
3208261079989 
3208031037269 
3208301004818 
3208311058130 
3208311045468 
3209821044171 
3209821037986 
3208301003067 
3208301113106 
3208031035938 
3208031095884 
3208031094238 
3208031033121 
3208031019046 
3208031005353 
3208031057479 
3208031033882 
3208301101865 
3208301037087 
3208031163214 
3208031034910 
3208031029062 
3208031005350 
3208031028626 
3208031096006 
3208031093711 
3208031062704 
3208031036408 
3208031002970 
3208031099333 
3208031011748 
3208031063643 
3208031003859 
3208031061104 
3208031160807 
3208311018304 
3208301034379 
3208301026263 
3202051010581 
3206231028539 
3208261104792 
3208301037039 
3208301038076 
3208041009957 
3208041019131 
3209821045826 
3209821031769 
3209821029799 
3209821030047 
3209821029005 
3208041032884 
3203121034419 
3203121162958 
3209821030787 
3208301098967 
3208041015953 
3203121098311 
3209011036939 
3202031109136 
3208301036286 
3202811062277 
3208261068867 
3208261039474 
3208301003829 
3208301003065 
3208301034069 
3202031034272 
3202051031372 
3208301034287 
3208301004817 
3208301099122 
3209821034201 
3209821165263 
3208301032395 
3209821078253 
3207031113674 
3208301019821 
3209251032098 
3211121060394 
3209021037985 
3209231017768 
3208301005597 
3209821044170 
3201131007734 
3207031046243 
3203031013335 
3208301003063 
3201131007733 
3501041009532 
3501111011845 
3501221004073 
3501241157052 
3501241024163 
3501241015363 
3501241055275 
3501241035564 
3501241092301 
3501241035562 
3501281000140 
3501031053944 
3501251008583 
3501821004473 
3508251039362 
3508251039358 
3508231217557 
3508241061273 
3508241039282 
3508241039279 
3508241039273 
3507011036229 
3508221039294 
3508221057124 
3508221039481 
3508211039461 
3507231001939 
3507231001934 
3507231001937 
3507231001933 
3507231006447 
3507831048808 
3507831016316 
3507831017154 
3507831048807 
3507831048811 
3507831048816 
3507831048790 
3507831015564 
3507831337584 
3507831048814 
3507831048819 
3507831048813 
3507831048818 
3507831048815 
3507831048810 
3507831048821 
3507831048820 
3507831337594 
3507841000380 
3507841000794 
3507841000783 
3507841000382 
3507841000377 
3507841021139 
3507221019302 
3507221001946 
3507221023544 
3507221001945 
3507221001947 
3507221019299 
3507221001948 
3507221001952 
3507221033462 
3507221001942 
3507221101690 
3507221001940 
3507221001954 
3507221035209 
3507811000390 
3507811001926 
3507811001923 
3507811001915 
3507811001924 
3507811001928 
3507811001916 
3507811001925 
3507811026471 
3507811001931 
3507811108149 
3507811001929 
3507211023082 
3507211000400 
3507211025655 
3507211026138 
3507211000399 
3507211248570 
3507211024972 
3507211000397 
3507211000408 
3507211021031 
3507211000404 
3507211021697 
3507211003411 
3507211000403 
3507241000020 
3507821011397 
3507821001967 
3507821001966 
3507011038297 
3507011036187 
3507011048797 
3507011048794 
3507011048804 
3507011048793 
3507251021771 
3507251404026 
3507251001971 
3507251001972 
3507251001977 
3507251001975 
3507251001978 
3507251001976 
3507251001974 
3509811161124 
3509811017051 
3509811300530 
3509811034573 
3509811000961 
3509821000993 
3509821022793 
3509821009856 
3509821034498 
3509821025583 
3509821014048 
3509821022870 
3509821000992 
3509221013287 
3509221001050 
3509221001065 
3509221014652 
3509221012195 
3509231003845 
3509231001114 
3509011038864 
3509011055355 
3509241049492 
3509241080720 
3509241001074 
3509211001009 
3509211001021 
3509213001015 
3509211263518 
3509211269040 
3509211017559 
3509211295058 
3509211263519 
3509211001031 
3509211008694 
3509211009476 
3509211011696 
3509261058859 
3509261005446 
3509251001089 
3503021000213 
3503021054745 
3503031002006 
3503031000362 
3503031000301 
3503031000363 
3503041185011 
3503041349042 
3503041003309 
3503221008545 
3503221000272 
3503051000324 
3505241010681 
3505241001600 
3505241054412 
3505241002469 
3505241001621 
3505241169051 
3505241034789 
3505241005526 
3505241138520 
3505241204557 
3505261263563 
3505261052169 
3505261034372 
3505261263586 
3505031015479 
3505031001157 
3505821034197 
3505821034222 
3505041041764 
3505041175049 
3505041361526 
3505831059003 
3505831199098 
3505831059916 
3505831194554 
3505831059460 
3505831034713 
3505831056439 
3505831263540 
3505831288031 
3505831135510 
3505831059092 
3505051138525 
3505053033944 
3505051007800 
3505811108016 
3505811052957 
3505211039093 
3505211054691 
3505251053346 
3504301011519 
3504301021316 
3504301006365 
3504301061993 
3504301000488 
3504301021751 
3504301021077 
3504281125538 
3504281003800 
3504281012313 
3504011229528 
3504011038276 
3504011054086 
3504011049023 
3504011036290 
3504241007456 
3504241007457 
3504241007458 
3504241007454 
3504241007451 
3504241007453 
3504241007466 
3504241000515 
3504241007461 
3504241007463 
3504241007460 
3504241007465 
3504241007462 
3504011114543 
3504011038271 
3504011038270 
3504011053876 
3504011042397 
3504811005810 
3504811009545 
3504811005816 
3504811005819 
3504811000561 
3504261000567 
3502051017796 
3502051010673 
3502051015202 
3502061314027 
3502061011336 
3502031014156 
3502061016544 
3502061193004 
3502061322039 
3502111003077 
3502111002696 
3502111011765 
3502111002679 
3502031003217 
3502031185160 
3502031008983 
3502031002712 
3502031016721 
3502061014167 
3502031010639 
3502031331526 
3502031012572 
3502131011980 
3502131015182 
3502131010363 
3502131002733 
3506261003875 
3506261221018 
3506291004659 
3506291003677 
3506811062368 
3506811004962 
3506811013981 
3506811005053 
3506811012872 
3506811003544 
3506271004611 
3506271069918 
3506271004036 
3506271004062 
3506271004064 
3506281004149 
3506281009960 
3506281005297 
3506281004120 
3506281004113 
3506281004125 
3506281004126 
3506281024230 
3506281004874 
3506281025602 
3506281290532 
3506281024664 
3506991292035 
3506021003557 
3506021058492 
3506021053960 
3506221012869 
3506221035449 
3506231008536 
3506251133499 
3506251056012 
3506251086499 
3506251245584 
3506001285532 
3506241169025 
3506241008730