101341089252472990
102271284259002702
105675578839286671
105519200355167424
102787656975900527
103989663752271191
109832452079392117
107629817569465072
101066003719280859
104048815958396475
109162728737357943
109820457925596927
107343864457404868
104417059026495748
104519261842657608
101178588258544110
104111115586008731
100867440342578467
104136963652248090
107683727521240787
100525000606637394
108898194568819822
104435378615478025
108609690111376570
107929091164500784
109053039220659558
104209032358914162
104993166822898316
109843544949629160
105053708580939779
105809712169135857
107943352834433146
101547704225076145
106492227032774926
108329891575200966
102636673045190256
109908472222508416
107564987559081995
106504697821893594
103601974105288123
101100838469803530
104808463145684984
106570092776761800
101371039576678533
105374449490959435
101324322370516968
109150996225548722
107695058636971406
107859189424548862
105720430987273068
107018900835990675
104857623172698692
102611559336702659
106197501331992167
108202226836829495
106848693583011949
100605738844517958
107047453572773089
104713036077964832
109360684918561854
101126824895809040
108746791954413733
101406584395023495
100625378174964652
103849553234719876
107519359449196972
103906075157819287
109972779742386930
108161182919768449
104310469998580082
101427856287397425
105787881898978218
108060071017925131
109228161234035643
106815019103491549
103704435432416817
104572784903925130
106794334356352295
101823940337562786
106788813655589476
109054553150922087
102847672540878632
108674325110839632
102085625326671620
103446954391886878
106505588823748535
103824667208589273
101226657288756715
108682927610380290
100286263817899386
104407478912977104
106302471039530417
101826826307065909
109498564102576752
104419106283112256
101342939935503613
104247065773574860
108829204879052790
105873895336000540
103926837015284905
109916305763902247
103932801657097645
100521815459955142
100683663901210044
104808054116169221
103057341125675940
102235146868315898
108361587757735566
109379632989944581
108807398247343172
105628110106232027
105614705215995120
106515054207109549
107474112781168137
100135159172928669
106597558337279081
109219446620365322
101636894990931825
106189061006675184
108043309593667566
102333729379025217
108665239945968142
104571455062723349
103970755448632121
100245798256261560
102725405740331232
102330398355766859
106208269461569140
102487739454338431
101808705827234354
103026888984867059
107095648892914022
104214088625540966
104008582419269655
109279971571659291
107449750550476912
109017334740188145
107090016456147547
103407014046601522
108545797053816029
106789903343580285
107902489368150881
105747718328153612
106376657771619845
108439939646984997
109080934051639591
103206600770630498
104319549591027193
103076955283091347
109205109129072423
105554736595785387
101930146563572316
109648457663967251
108333121561656337
105556140263157832
104996795086102280
109889911367193528
109850595810140009
102517754920134721
108304690503851674
108897536418380078
103181380394245558
108509501583848481
107927903684407193
107182787940455415
105742946223722152
109834259277666829
105403137400666590
108539074435378449
102297081440403197
108531661975784819
109851051199850248
101608040551179788
101255644620678620
107337734207782430
104552755062346793
101748855406150140
100213832518146866
102318932071768619
104133750144978130
105645996783489662
100213506038647458
102162387185272148
100186900923440008
103260401282350925
107266905005262221
101364228244096551
101939220657024849
107943972345964989
101374086761897220
103526708453276246
108167177691311274
108712590643982629
106231300724771682
102558031777180251
101054907004866948
105587218867562939
103669455693853978
104929940745843406
100796107866178800
103695148486523965
108909750853335295
107941783353355637
108225182258997971
102331165167069907
104136461422626999
107475156429568365
102222128060065049
100785352760957489
103228199221815869
106696843547037696
100865367480308713
104177276421395823
106724706063482134
103137646931898217
109626274902155685
102445482883735530
101057027070901866
109886072647939461
106543868111216180
106065776282233474
104880511058721490
103093992711633444
107929716531318670
103705161378139380
104426648897413873
109687009693423702
109557421420095672
108690847348769896
108299327333130499
109872192187813935
100846372515337502
108581447271297886
105410234700982138
107116238513581002
108645479848441407
105309935037161881
104309996586511060
107691299353215739
102054146566118312
109287739383997696
103927628496277056
109418850218459005
106653664242859808
104388591852365319
107499021116398388
108881875325693500
102025798798313284
105173429929864846
102357063335206826
109602621600808240
104153555265122030
104061176365270237
105424364620311074
102624677539758508
108070571941815039
100971747930292873
105886190981953484
103126096266750328
106043618823822686
103667928881051503
100858289591681635
103137092027013536
108073858072525565
100253754671888633
102759120309367726
107888752661793611
109695861025902932
100017569591889249
102273857026589164
102295176722736695
103889963903928585
106140755800689344
105551931695254176
108692563234563702
105065873089332252
106854194996502797
103921984800969130
109247136484823779
103565837791636085
104018252745300860
105903918080823029
102247252996057193
109933292389642923
103235198532059218
109271389232534234
109629389194829984
108314625260923537
100074669659795122
108611231721548946
106063016266494600
107988819685532541
105341214950574831
106615874248130582
101199636799411766
108518590596138981
104545490246272563
104367534007248167
103291294178457384
108502103506977926
102314877019313007
107230155959117215
100216729336719723
109195131105972029
100938137891689360
102759800262189494
109191508111832740
103345824152583239
106926017368235550
104785083656210315
101610113953864368
102451569764647147
101798395651271068
104762505689468064
102159913484215329
107533862915293771
102739409782863125
102680923507712857
100121552209094992
105444703537939528
106498130250510714
109202732196306883
105955057931418715
101842642701198580
100445227046380362
108967417815902697
103470032931839444
106586025153395986
108132146526419074
104456072335755790
101612376149307792
104914944787489262
106225873754836302
105554280863960856
106055445624223647
106513403149018774
100028359733816762
105416453289578647
108801900795094087
108441139325578005
104137117259776314
101611145524864528
101999185370168497
106602245471500116
105377362326240060
104526237866387853
104042108347065831
103740511116313450
106903934304100057
103924656540474128
105969941362924617
104338226746670667
106492619995422816
109943929592802045
102376156167794077
104597737604123709
105720957701212440
100270575214782127
103149395028286919
103577172082531656
104090858213340158
102763451449997402
107778943580766469
101452483461840440
100993568724303341
101430223985821377
107376120624216210
107636647752257574
104048547154667873
108104541518158096
106280416362864028
101659357902841863
103251415115720593
107615072234137805
106177933123677782
105555174311297769
100614160298284599
104227277422445263
101564548793723468
107276162692236887
100696959223810009
109592896996402003
107927452858268301
109051443160466027
101440471010003715
104576240290546244
103240090450471812
109740560440149722
101325334110086124
108987409840910205
103772638578715375
103467839889714790
109726838600586476
109906814676147054
102481770444657304
105194706273857596
101183568691421612
100702408011842772
108201395876439764
108693333459778819
107065834042352387
103844143695454276
107756167547306847
106481666801167949
109207385021653877
103217409551653559
100745644483830905
104471908633150516
103037001774186964
101242996416211359
107774836284427235
105642583170584130
109241002698891698
102397578922177985
104053125036638056
105111040243452606
108246034330543225
108643669851900998
103601741132008319
108738549868239181
105522466021861010
106678968748144417
109110045625485211
105119781932168756
108187031097996215
100810409142443548
109335870254829004
100183331053417741
107112464286276979
102095690452200836
101266187317977839
107446827396348248
107561603274149551
104427371431440747
106792745285760065
105743099129414388
107604188982088673
100505082248931455
100248483866363794
109743281856997916
104769472588629831
102521940939496974
107990809401741837
100121160563852435
100431976774601139
105022583725837697
109255894608526578
106947824713608225
104045525412403098
104314756982895082
107267032127014754
107565417634957735
102203423199280252
102159380402508695
108837837977202491
109568226786842431
109668980158929080
109642833233690539
100453063139247789
103483384379411540
103963991199780324
107007350178648358
101659858616297804
104331354865545625
106367674894821776
109783282844535910
104973304562313276
105617845727151502
100645603348360145
101735287158349468
101895062774349607
104456498935586616
105157020589685230
106618853821922206
105166635745962235
106375373259710359
109774335368195339
105697369676655353
105251383889988510
107616789888610988
100364243541833555
104488290766815753
107858622109186281
103440523001319216
107232288007625195
105510901140319842
105207919481766210
109236560231454567
106309152911592341
105794713458889266
106572925690561200
100580724257259177
100456303752946945
107836893969944628
103654890832478855
109239464740966542
107897677961543521
100080396379296074
104643909017032141
103572052376596798
103504510774409310
101903218363923054
107373698568743883
108456764147122215
105578916033005709
104457399729160297
109079267844645017
104585367924232075
105383738175770653
101944104589102782
102460519227499254
101894306225754475
100431267451766141
100800633843232483
108361771772826595
102022519754974432
105659431371812490
102094311528383258
104725217478500300
100779479904679542
100749022603677497
105982147443106059
102399901645751594
102908895097089039
107442014488429239
105805964506856190
106514743489155903
109867800374152272
105397404489490872
102506425407279814
103818592888851044
102395403926508383
102950384730628788
102296659400361406
100895636751953752
107812595167799734
105536532242967859
108034294871024845
103081683199711301
102425248859194727
109246769812582861
104703165752136043
109071190095963395
101995939540152176
108843466518869770
105450947014975174
104233223337321160
103651604080360924
106200577992410279
107976058056158134
109740857804923734
106729567518725504
107580937886116740
102502249741128675
104946367497337594
106592105904297012
105969239741250935
105940723274908045
105494245295189294
100134151199411201
100557246834122518
104357599759127271
103889049611539920
105638576708631489
107582167268259522
102053956292847797
106014031863386181
105062711434468203
109191951762190465
107393341724916524
108792398410659660
105927375206711377
103961342987956091
107968633534984727
109512132406349167
104353900975777651
104572272768977378
107703433918570698
100910545546147153
100390279641099878
101085327176568742
101513929434391545
103586929021649002
106248475848236495
109970871197767809
108652933302109893
105587754845892264
107008723136819207
105448626379554975
106511588824938396
105574342926903284
105708687922176032
104487144164492163
107645335795629975
102495504914507895
102510112865770934
102954547247017758
100833398986161294
107147622107404885
100261049028201710
105287239694034996
107275478215029245
103595343865416698
106781144804708659
100380153782649812
108878959809768882
104933216855611593
108733062546625196
108847499802131261
101405692996435693
101440943883457368
100816565972535380
109165980113454310
102288329133752661
105440358143720303
108979382128058899
102397345473836702
109234087652500495
104161554286202630
101530626821590750
100839989318037670
104995213966772827
109957090816731694
101465828753439642
107164662989004989
105654801060209814
109124323893102011
105705311647591726
109197382937259536
106745715045486095
101045946592765642
100165256671932455
100409772495999467
100246601624666893
101510713435965292
103209067716481919
103729449805120901
109699460509022277
100998982447010246
106590208432716729
108874920318316663
109419674048379547
103906962694918980
104692479787501174
103535976743089075
106753175344613769
105749923935577005
107625045920385909
100846040144852520
101735123219917271
109449079912911448
107628078048989647
107246129358819796
108282264107666695
105981218904374419
105591107355775417
109973442029102351
107153889004304114
105929553813578305
103274794323271867
104737309938079934
106125021793515944
101481684771390055
108927856112911183
101757862386144108
108173889924698684
100902820620351268
105610893799319804
106727558037767550
100706736659920531
104107412922438420
103758582195258837
102370371187538593
101930666849889070
108929597637522297
102283275492493884
104093103642507537
100941253198159585
106671586802406463
100414702398595756
104096677141626968
107502806304828932
108783666592736177
106824790257409279
106925139455314809
104550518773726460
103783679784347260
106403379520685089
101223203630203946
107984829723003840
107141640469050262
104538889714610994
102079650102822264
106122662755328170
101185912744362626
102366035686974034
102023183519380223
100932863788545106
106003994005336335
100513203824231719
108460936070637835
105364259560568009
102238522500378057
100213211586999498
100014845627474453
102000540783825384
100435280755676833
100496167975316362
106328523304177120
101005998526614682
102267580857767032
104003251799669360
100408404856508021
109545164756046731
108915460524727597
105792650904880416
100300902516588496
107124943427879241
107861338440874940
108542679014141219
102669435935301596
104645421433907327
102469431711148200
102222834648802573
100890491007609494
104172753345354227
107681021603262123
106366174072502049
107721891319824264
105342527946911449
109955306042646050
107956486634820919
106731293071227354
109424160205968071
100504459135507954
104660951009724356
102714409302210563
108608855913457456
101875655191958846
104670235554014208
102001352795867288
103751877020384417
100362318745479905
109781930461665342
109291153187199793
101802887841308520
103918098589092670
106662292543797338
109188317370737053
107916415679836249
105016607611363202
101917643886840530
102942904534946875
104010811038586930
106562732861913289
102575099582629958
100763348203043393
104166162015773111
109358093194008563
106017259243882737
104478539913012919
100231020670937178
102056952239540977
106418346396712051
101350270006198440
107112078195366894
104442485559498200
106340160166818930
103210750466411033
105422079226521146
101502202894234894
100941917337461578
108740102890188210
105398400744619035
108414365847185722
103919522553971518
103202552111571064
104769524001749074
105979980996156493
109313313356173389
100632236119121242
107190708511885544
106114730022167921
103273821208313819
102197078360799748
101925882547280090
103886704903784576
104671646442764668
102881358829986730
109495807266558143
105173782672993073
105690349032043904
106706912013522067
101622522349265696
109086840824037665
104463668244597353
101444025405653670
100789900971482977
109074917569071557
106753454048117622
109632998908540911
101317406717779348
103272484727578067
106367689633375181
105676366362483945
104615624001654708
107570170044211187
100294134651125082
105806001808084193
109283314728679632
104141021744184776
105277015039563571
102958358809092901
103947177875773899
101005629333391920
107831830627582614
107951213791530353
108259213566759341
104739123636455085
107697122594548975
105860748688107899
102552505798941832
106748902421342344
103978290731604506
104249451803220731
100895521023652205
103572813126600156
109712329340923808
101422975906401365
106283817459604341
108648978943226913
102977994381579323
103199238277249834
102218665326972834
107619218446603205
106072868990811157
102969007368631079
102685020277243033
103602042708461276
108763763799725323
102942925788675610
103640486963579416
105199273740840086
103188494622160032
109268261894934921
102065088449837098
103698675140518757
102426024989013656
109562529037416826
108368576489511240
102666500046132826
102352936126525664
109355508056092653
100869252956526933
103055754684472604
105584162595283041
106037007176176942
105381142312917658
106525289888081574
107840936051999258
105863841835574865
101661306734599745
101944025613224277
104783103838776257
108598119021551226
104422016001075950
105641016788749765
108956116136119653
101970168753880649
101308287341243735
100827096922710110
101297175529669707
109272826259080126
103823529439330903
101960997490115428
108428386572075621
103847476791685334
101716593903957062
101330273591578903
105527102547627117
106684407313694788
104658346027992462
105178085153312661
109558785179990198
102705817737252916
109981037749092307
102117163534113926
108869584527294271
103462661945371872
102285848209303566
108805082704687980
104766555960525797
106991894040310026
109434271482877897
102288010376783353
100250217724739849
105801799942616734
105997024654461099
109618129216603862
103724620449184330
106023804587163504
109962439296690010
104499531990606052
104557884026548316
106727848845701321
109709214691371764
109107566487416394
107627703503961091
101815700176188174
107322221772317767
105056381895534564
101769368693847136
107711491160487793
100789844490787711
106615306875178134
108358223528264762
105532497944074182
102023879968224282
100956966260751028
108840781228254011
101647581498466181
103330230833208480
100759444364486083
109557243443532143
109174950160589724
109988524537137519
104311222146563032
106230734927066632
103358334289518249
102998899472878778
103537397497670492
109997430366504274
102590898764882805
103403754524798251
106269928463511125
100249863469948107
105233954803667749
106099791733583971
107328407120875269
106995673709417912
104109603539263860
107855876696551735
101412394208712678
109307201181663961
107528741761132830
103132899849117564
106693711071698678
102161390890623462
101942903816120375
107011982119735226
103129346738545366
101646723570264529
104833283662440643
108256405451170171
100280243807739611
109760766896458530
100467566263355450
101134109219816765
101517862826809262
109127940536496181
103585899073795699
106919224030427791
104952046490311501
102106289577667665
101695700372281275
107751826855839273
107474761088845939
100883021814271496
105676754672629763
108367403440095258
105596934875759522
107375654145775884
103422993353499022
107573512458856495
104575233582226294
104281673337685870
107544598543308165
104207256424093393
108404742743250214
104424456324836277
107008335732784002
109201006884620751
104943822021554036
106722174746146880
105828567944583698
102867354303038684
105043987944567335
102244576027640490
109409975040920982
104233444882014672
102559203902876223
104574354998282617
100772285362435932
108898129795803131
106378662459119343
108050992986622830
101053292261853527
106265521526092083
102591059208572350
105076641305194125
103198827411154963
105350937583192891
106606902538223680
109873268900102625
107140969051341350
108299932399866267
106673642277672616
108318292653844593
109063520979081648
102283488014884232
102771979633502098
102406355823167229
107303679899770066
100802550329883747
107571526501668639
108574260149192196
102043247182099714
102310169497884544
103195477429136752
104915474055691621
103047260446610206
104907335808869191
104397761682864982
104782105462754138
102357465862994066
104911811459321174
107623115567685111
101455734224076514
108587024108864094
109014130117915176
107793916885402536
104162704642514652
100896481868561983
107423410233929797
100166369135877445
102027930639500943
105492387138882746
109078416131270714
105480232879156557
101703572436467770
102245765897986074
109306437649100047
104057672624242326
101883342328101071
104955444140054538
107458371904300973
102746730563698064
101182523006499919
107736365792487744
105827437391439692
101581271099738512
108809997381944771
107155507175859933
101072210497454096
103179380010646974
109264565308423821
106797964682818439
104129417350784686
101669232918648025
109180773746118306
102322202671040149
105533770624848377
100163296609868322
105717083809807903
101890380065225741
103845957742929314
101524930032410153
108633489355524836
105165417268786872
105852248196948926
105813207143181035
101439470412998099
108579569662666392
109074858898705775
103695676861777544
103127384186438342
104401414782009115
109392182361771160
103808688773617451
103766946115807960
103497855482011539
101796023735578549
106489098204753715
103313120687381987
101230421324981716
104166983140224185
109597147520244736
107858374645061958
101621307679000997
105588898086247739
102384512678078798
104885151847689061
102995290844220892
107313338708636214
104369120223659573
105095258520889707
100679427466059912
108982023079712762
108685639075614524
106001341653630315
109058605481690305
103935417513806535
109781651539991456
105457524564993359
101350068786957151
107171904859580319
104886389856770577
109685797578058494
101349019034552440
102048601434562948
106763712928471493
101234513893787170
104513902005925039
102805890356314001
105892448653829206
101095330530631474
102047473569311778
102248743282478816
100324160123357589
109714487684821503
105110953131401454
104318484373562518
108287745840342943
102531794764551256
104416813948786735
101732595097121282
103936035626306981
108401619967195153
105876312370746967
105931823842704740
103314210464954926
100494403597875297
101192577567237002
102209826991826170
102639433924735992
102175966279510639
102101091515470326
105028099140879634
106911135981731587
103700518511605877
109989860638892609
101920466336038646
105089920919014125
102196756795423238
101272846380213331
101620802097107168
104611357287637872
105742229255043176
108243181997183275
109673748182042509
101065815173164895
100722512077786326
109352248282484138
108164275696857942
108081533278130732
102844467434713718
109656607226188494
102123939940515884
106210416274086134
100054205272635377
106131345409174061
102355466831680859
103041244276992305
109905390362333294
100148191648749127
104597991984055374
105001480834746381
109208831466084231
104801623152386237
103869531163578056
107728567076324941
100408267798738602
107808775975576897
106981320788893145
109662619262094326
100361333136197276
103418476611666312
107255401608645284
106606736796374484
104129063079087690
105929438586249238
108902675601273801
105773441085616912
101003369827672408
103129547450429888
106915685189899600
106047070424230547
100396144886762518
100262007565228535
102579183197526299
101341535038052134
103793377375092311
105841507335837965
108858594234582088
105077110697387077
108682679494138088
100424474216301417
105625115124855756
101673707041902856
102820135066171962
101769764718042178
108299890844372462
104040083521753112
100835462129433289
106195843451580394
109447823808696578
105242902530318575
100364379889472251
104901255635522730
100862528031291025
103673939912105908
107143749091633874
105114988845581431
106134788049927883
108114604916363671
108856624698740027
102658643570560507
102712063830167439
100654058181803028
102412754460899124
102381525855224289
103106419285639665
105283897641466152
108058966905954850
106672018413461023
106085165884025858
107027018025997979
104563272746993957
105685599436385821
106130787347855026
104302392379949704
101291723055524841
102631853218467764
108008222713583512
106872300456413605
108766898419647151
108339666884102716
102300727248884974
104327986306269148
109745785770460055
107535046803215441
102943049754585022
108392887414330576
106130446975987744
101106386597586562
103069531754579578
108880271880405970
102815903317139063
108461614998347401
102297810063278839
104137477790305068
105495855219030456
105964675027317674
106038787514228020
109872560743954848
104345298130925333
105198196611810432
100590137330219948
102694071012420402
104880215821660153
109536087884053775
105991444936786673
107016888222750875
106240752527738119
109561150324024236
103337691144804282
100938700651993383
106379730033710126
109995937869825349
101177715472875149
102324370047200970
107588945192709125
103575380637320936
109424717402455091
106327471744188548
109206022661530741
101543891213011513
106914912927118249
108272937404173571
100037425796541428
101767483153944299
108343355473023910
109710283183405226
105601327244034385
103912888270168741
104094105858223152
101029381395149314
106903875635965109
106628792005600254
101399949315209822
100215107722647083
103360985597814154
102806028119581085
103961677497142181
103130776798136595
105941274673666079
104830091425931093
104361335798769939
101249233218879574
100998237093162362
107206557222280983
108921904988621054
109610878127904536
100019075563227754
109593325837882511
100533945336253167
103682853310085094
108317173351936119
100163288288453677
100625479535876081
104873508864087502
106771985059952225
104774816023759635
100152390738740104
104762665539497046
104792379630048305
109883469264242230
107127426734933099
107238082328400029
109733347811486587
109811294401591147
108726002524164694
102313836799733603
103006454255476972
108754447305178829
102725481744276260
100391302123840109
107217189500567094
103673950352631363
103977424072379956
109248421551639212
101339901771274330
107454869020657098
103247529886216491
107234783907757249
106417618258169938
103727942682878118
102156592368002872
103128965156424425
105132100037814716
105406188620884842
107756619049789938
101734203761842469
100486964114296251
107132006811541550
103846679087957193
104069051743533409
101188342414552535
100769447445473371
101345416990571108
109706625506752065
106344069812927293
107148261489924929
100565036013173616
107895769224191920
103101465844601975
107164323108612254
108737668728211702
109033329517763614
105604142800166039
109718019833456361
105214331960866475
104371414937386872
100288611841945209
107188420352784058
109748874008064352
101300231706891593
104751143221354033
103994714450272358
103240762039777555
105289061414822651
107570038423201479
109610511387692851
106574783105764331
101497090427570634
108633108145769875
105737890215646842
106945851113407012
100995108036827620
108201335254104490
100793893457182702
108973604777892570
107992650875534295
101828953561111592
100394569845238866
102684524563193747
108119051614893666
102731049645269294
102015160853470087
101434968510575517
101611579706369276
104420164543668845
102498479345176016
101517881494547806
102126101775942191
107787853838362097
104282382634430143
104672301851426158
102217318258925718
108055527691265198
108438974788211989
102048391410944692
105013896591954189
101056893400316619
104053381717733904
108837902095768132
102097642217392389
107888713750386236
109921611081449397
106196213751035393
108443948337958878
102012558779898113
106727178386360742
101445385168113263
109658719476239738
105415524477683241
108025542369422392
104265518878330754
103835525241384025
101072327021790195
101149812360520714
106071283391695117
102024857111043199
109479203459132800
106921728078172872
106895267454375147
100715873904938150
107500460416688349
107322669348325941
105997041167789336
102799081597343565
104355809224798048
105573238930288796
101752517192276869
104025446485640575
100730899600889736
106458342758199745
104575970103454384
108551428421894328
100950017012695008
105731257487040166
103600590621136046
103442225277550874
108058722617369554
108687302108545627
100423501767131201
101453549783489101
101648602447962659
103859689464115035
102948595272648582
107911205240085919
106542234368544279
103949645789093952
104129152591541747
108838450830081429
100503300946415879
103562539288480326
101649184994298677
100391685391555885
107765144971292117
105753900254458832
100801414812892468
109945002291338095
103041399729335161
105108029821342539
109609448624524338
108166778323048256
103293804462098951
109891776012671036
106785293420264279
101187441345517879
102661545706657838
100914333704445582
108150507417152212
104985576071521260
107793821037635879
105444971676602705
101346242425463768
105696161510487143
108262927374357475
102373826938250792
107553586338569928
108100423623238823
107172057970477008
100708275563274651
101145694528004561
102914104930485965
109432579354202370
104811901709149565
105274669779149086
106303916999416574
100858812489186482
106195364431499444
102192367107408709
108911861919553587
100684265785012780
107068057685171690
108098672875155826
102627704162421483
105182690225775049
104813259408686544
106590064642244225
109932757645199211
106973691570170894
104958222804803543
108956415047925473
109502231513607657
102201065918701957
104941709915172900
107494613578748348
102550933696591360
104710181777589098
107404236723573902
105599248323874515
100084293416251935
104663921860848476
105232692150486143
107553414970788181
106085512716097732
109658360147328309
104521190335180058
104240502499885366
109745739104349565
106858350190081816
106376783695671787
106186973642454472
106869061425238214
107599733965851506
102113429854971916
102674961445652596
102460573088540766
107225047604570855
107814857506525307
107915488988247273
108013830661870810
104758272328602118
100887242926171587
109541902080685589
100119540178275249
106915508200265817
109092621301566073
103352319092462794
108711007120770794
101901362718699771
108193541265189737
100358364088568557
105174702653909239
101987297472284498
100331881698262155
108654892923533775
106139393936261001
108349104147881950
100477238488617859
103317636398209312
107711495251797671
107739394703239002
109760959750563461
106276565490463121
105820708061458996
102057838663798706
108002341573650929
106935934035788062
108725580667551083
109489696354768333
106947033444516512
106448939745159726
102826213235368005
100180656427325014
109493402447621543
102952253103513137
102184445293835950
108161113266283456
103205964334541808
104342318545849912
108500245101483010
106736298726211078
104216985321359221
102981817251911070
106849295006821753
109925025017179054
108814862287219054
106947635655174281
103534677740820835
103723322736617462
109427601826320957
106688232507025804
101978260564579585
101762847564666964
108070518295165543
103997734204069231
108444016324878640
103077300675074227
104509208648645075
102866119599797325
101825810090140152
101772455969278884
103724886439066390
106454600039320645
107955011328979033
108440093872679807
103147652945113174
103137042562762609
103097932200940261
101514366124001654
108423089184099142
106597231363410256
109510794510717982
109067592724676905
106146013300259747
102314606895687504
103775338952093895
102386437409067332
102277295655038080
102145755178168929
102051524735171737
105999678253064934
107285638185820056
105228927083663289
100209911489862457
106250987130531621
109730174740429530
106859217867005037
109861588328803188
105259989539683543
103898280124790137
108301560789054749
100168272076259580
106294106773336254
105689651459109673
108878053946184183
108227399444781162
109436339845566547
109910972050829792
100609832513809166
106455059273428017
102776032604062006
109926652984524275
107852772808856343
102313346070147836
102980104791291184
103845740612467749
101421385216642320
106511123404086080
101188787492619178
106983766526628793
103933557665312416
103388112659525568
103837864825773699
104462117179704927
102690708065815480
101274680062489955
103215467171295473
107034160309131402
107453140734615307
108716382029344877
107236128007554734
103347929538617323
109481836827578985
101070396233476715
106787860528127978
103834873528650680
101688900107422140
100424178301003563
108930077393005195
107878094965174579
102835772226730905
104802487458285149
106112952264170944
102757861184166077
108416903238655728
100679856796771292
102346520718242245
102373717710343947
106332056559976380
102466042120994512
108709395649070837
102544753027239214
100319969912365843
104212763542553834
109093833097363082
106753037470607494
101736652303028655
103683407406248095
106480597379266126
103405551712999064
108212103956186404
106394564197498796
102411161944352217
103982930786840718
108391147163883121
108310425204387657
107896589625142635
107347159856129002
108161942056018333
108475362264346742
106073336794140563
103290486225587939
106735116707532319
103220942098587941
102799894538554614
108056071129332746
109461342773256614
101212859113732900
108279139588214090
107041131079642045
107667317942866741
102089759059235851
104003907683285829
103174931417235424
108911498342948555
102933842937693968
105160038191294436
104502968784202852
106807186763955966
103857084411676892
100448855451682235
102805488088593722
107492132810787881
101368298921143273
101538444824672333
101817325975345823
105261068169209372
107493874043182215
103062549280913928
100786094191332236
101315377123470390
104402554726252597
104474024470985101
101357823152099536
107785967834252105
104351253677912401
100369428064110836
101638437257426625
106952466181273732
101375400885740420
103132257719968088
102490845162983546
104566750858724580
109201105528381427
108254522795427320
105115226184139498
102093782701751808
101486721607212596
103095298337593766
101403214895433668
106708285984451316
109620807226910347
102576536878397957
109232702205293769
106420073460711251
107480516719899774
101754528007468705
108418638604350789
106293339439021202
108273336274288658
105591906814656867
107991772482966102
107849253918334206
106251272829129652
100041709727443923
109291299812604405
103102645266951464
106363883997718671
102103649276867087
102035639624862209
103556892559440166
104327415937465872
107011829393115949
101406519233686154
107521888388727053
107231142449931641
104995150681628398
106588288055920533
108163650480468303
105405319196115769
108465082858710218
106823013697056439
104459072838587498
100230363793103705
107228152498460056
108001907195373409
105413599319791186
103516938091199188
107095779348062099
105162869156319347
104172777250820473
100031249864766895
102125294255723311
109762888943118971
104497333217964764
104245512587216883
104197502287366986
101940956080492706
105239525968009355
109722362666156214
109903532727781080
109243487628573088
100142927863857987
107536253059308649
106545678652445690
102362568020855212
109119694816705210
109295106389903215
100996819527988949
106958582887291626
102249354750276034
100584942437464399
104001629413117230
100080714613450417
102958904105019952
101357890689501267
108491735952012646
108272263655010689
109754047383487024
107009606453054800
107223435942293276
102469194875230712
100017374698471779
107168909586684093
105365001382115261
102725859137029878
100110861537466820
101760998157976692
101301662147139392
104739063238577333
109158568589646008
102019144348380495
108120144458663210
103269473013165164
104738042911036409
107541216871175162
104531033890582474
108190469065657432
103176381256996141
105851929700044505
105057968615800058
104691978999920585
102204884928357830
100883812142291367
108023535413394830
103960863921443874
107375329897080363
107201877908587270
103993641939374488
106563119637984752
108218435088352711
102063507785749281
108062245210812452
106275235378183282
102011512067173683
108788612921623981
101650088426578689
100042148611926593
107238591812707339
106363402579288145
108349109658792090
104297198506851418
105155744448696683
109689700559605023
108340935400078054
107331545554211832
109541539057885087
103345922700529101
108885679782174947
104177286655303273
105614809661314802
107406107088621516
103336327522911670
103123670153916826
101266665831008257
100477452465700461
103446696400740069
100602837118282551
104241332642293620
105767230379920305
106112665342428132
108534710394163273
105387447978611334
109647309378419403
102868273360241486
105183282187470254
100968948205648334
107735960700015863
109141757020662367
100306815893864045
102907220430134292
103303306266018762
107598354546386813
104421423726037083
104613804488067101
105607600806206353
106129023893647411
109401836664807408
102501961714350686
103057139544166576
108453707732386757
105815382534156257
108756655771567473
106500407881862965
105712947969496371
106603960167853626
107903675702986913
108569236390836418
107206271693828978
108904166939738484
103067128026639642
100360394703670137
107173719824519289
105313940628102491
105640255541051265
101155264750307616
103305191703033041
100181356349636239
106718651924170187
106417055889728830
101876198894653628
106736228950116541
105044610720618839
106232865689177113
102720710972835222
101606763849182697
107739140054959515
107939912573939399
100802729803725641
107806158483554901
102726703421109493
109047386988970521
104562166235347918
108981006538030148
109217876409579943
109994457560353153
100812613021410041
107906607534373757
103037795704299066
105145084831836988
104830196447456024
100826296427637788
105404093780665376
109349127127364806
108486111178255890
101835559233467888
109989236187871915
100408300650162127
109440400349091974
105768348344642937
102540206973965669
108534992187224915
108303346783862678
104256415809340490
106983924872688485
100258697286028637
104883116530108355
104515489875616822
104848172039858567
109122009771579411
100506747618354804
109566179543703151
102265062218159054
100136881514896148
103547676487133881
105692371512612329
108160700362399198
102250612422433415
106924539069755613
109877556621339133
106558325968994002
101594520669045498
106718712658147618
108298256585958675
106933575549458602
108129365861634490
104093437636157224
102835015274179739
100308075485227244
100572349440439361
109785278728077695
108576577604595888
104868109857601941
100674173864145193
104248692596896865
108655502868652545
100089828876766880
106642191642620135
106935131050563350
100984626800281998
104591048159751318
103554029079034215
108678059179845936
103112685542532186
100047368849537601
102162910062199108
100606360887753769
101395203781258832
100142744257990019
105471057504654400
105824534684856816
100836248618169926
102399944234741525
100610209690549034
104399628629008754