102381900752123151
102414026666226616
102415104519425807
102420681734279554
102424412923323000
102439901650129445
102467974721198025
102468557911757087
102469817985993923
102508430349176798
102520222989128158
102542253872614260
102543970835490778
102552468886979362
102577504761038279
102582277331946533
102602575377965466
102606893066277357
102608975357211878
102611898155619126
102614200042135691
102639567625558722
102667255749333412
102668056749823886
102673525033751314
102709155183887772
102724780363749550
102732683260855228
102733488677337094
102734337914308152
102754808860424476
102770939000417948
102785512148451200
102815202016733286
102829971232008861
102837756798757710
102845091522123158
102847372521573101
102898964150111989
102921515688727895
102927371603323449
102930926311562248
102931251874372592
102961043907004564
102966465884464881
102997464362318705
103004368764810783
103028762338903576
103045956048539179
103048453924982396
103059744288310644
103064773420269665
103092579628654225
103104376681103390
103135053127879373
103149457710144539
103169979110415370
103172479062937852
103187397467705555
103197914887504195
103221551532605215
103237666297529793
103246297842609541
103248347016694524
103258605099022631
103274689071273863
103290771241062519
103315735974527334
103330427804446085
103333982532270970
103349812644124321
103380285765376871
103381541268676113
103409224887274573
103427663271917976
103444932288181611
103491051525230820
103522926593952827
103539922075601265
103555839022391347
103600913470937281
103618988005536461
103619143333536313
103656554387867931
103658426341720345
103662963432464452
103677439693503089
103694305015128542
103697931211711245
103705364026875540
103710787841916932
103746865931189762
103748591415970514
103769658079149719
103785317043430934
103818707111379581
103829895563783529
103850969862167794
103851142867060350
103851962314944925
103853605449043835
103858450872874552
103891313776913196
103896555696434827
103896696132742621
103906826132696976
103914104534371928
103925620474164273
103929475835327109
103942098917425261
103956311875808960
104004203085070299
104023208063718137
104063783169366723
104070014299461421
104082483593957769
104087191761062769
104093639581084917
104115905130403471
104152425755604686
104153690935636582
104174202389194991
104198536583739353
104199681066345062
104202245840923518
104206033632255608
104210756565399590
104227267360403413
104239745847951854
104246484966767816
104264753858845716
104267700749091997
104275989615056619
104276387226990440
104329758690031495
104329994495235346
104340281435942378
104360788285071942
104385641772173281
104400362844079570
104403506500943728
104410950133604391
104444882428020190
104449747344976742
104456210984812891
104462834939472241
104475173268054399
104485119157879235
104487799087683107
104507212079260066
104526326481899408
104540347382630125
104551833261298940
104560602145581250
104560895717161826
104572097493805638
104588771020487269
104632289917691222
104636833093104642
104658272519554060
104669302450582220
104673833384295162
104678008652415334
104683115330806019
104703707927001591
104762790600294241
104764437511549907
104785791026436307
104787339278347508
104789083809173197
104807279185191335
104836383869025314
104857803568447172
104861602908483768
104861696135346348
104865278370044861
104872273631407953
104923696555782324
104924908736737396
104927473763104238
104940617556093963
104943623531069128
104973942477480027
104984770187442391
105006898043854477
105010732347129804
105015934592496348
105079055714676848
105085329048098120
105094478381904029
105127275052352408
105155272422440272
105155655556515896
105162925777838790
105177508065644366
105201230500187663
105206024788106149
105233355540887581
105236599082418010
105251131607154587
105263907527955624
105270651683841369
105282421085425130
105303643687410001
105317152550866024
105324009770049903
105338433820309192
105344856262426081
105358393857409354
105374182945022303
105386817046595343
105413369360242165
105446297511164193
105448704971391557
105452225543214824
105466742549094177
105475501839707063
105487474521814375
105492352599824533
105495514315095367
105502691259332055
105552354971601948
105554014778107934
105561677010835377
105588596987428127
105592188186431189
105593167821785371
105596555089167603
105600594157438494
105606284094915692
105607076114686600
105632500182666809
105638411415832154
105654708181090511
105664418304581640
105665786951625728
105694981530779847
105716055695362614
105725877774597545
105736002441256433
105737249425421570
105750191812424533
105763243864594756
105763578857762420
105776252954284083
105790332497226589
105800411800216233
105806983661664834
105831370380530870
105855186241464423
105855912173430194
105869169806829196
105938900549236657
105961951298707546
105975363494410356
106042013768029475
106054012180792223
106054013771414470
106067913046752580
106155408829709804
106157416550267622
106174242665923189
106204652153292959
106219133830135233
106231609690396522
106259179776839224
106308045749119469
106314195457183173
106321134162530498
106336448772909962
106423681964579303
106427850523703413
106440372823884353
106445655057852238
106459944567065429
106478891641345563
106491257408412135
106493017654570228
106503615542190546
106513566458107882
106523012272452010
106540151741726217
106543561259526608
106550460821178017
106550542662964583
106552663782709244
106553954044195611
106563384539091589
106571664839080286
106578530807473910
106583314296580321
106590649010060387
106596747740453339
106613448203176152
106633535428696575
106635390669310063
106642536891427393
106649779731880999
106658507731234578
106681083030334140
106703385130746276
106707799117347347
106709412596634339
106731471458690788
106741666824690834
106747407312948181
106764228048606178
106772148273543552
106786750344970604
106787295113912477
106819146019358437
106897581922610795
106910253493980392
106970872564406033
106999447005184833
107007534567165517
107047305388478609
107055208845091626
107064579273242554
107075304172482380
107093055108336585
107112206088128581
107140239621416014
107156824046254440
107199531891895130
107214057861261085
107241939031707498
107248624970477380
107256264089273249
107275243052374568
107277260130387852
107291198763971450
107315282380817800
107322769274924184
107328237239349318
107353743531577681
107375349042083990
107375771175746750
107404789462441599
107408270617560184
107426034752494247
107429966196381626
107443392017395878
107473554097342274
107481955390845314
107507675789081450
107522719808330470
107555664948677924
107582193486442340
107587850451862438
107597372661579081
107600176262906996
107622577717795852
107623198203957505
107637868587350417
107644246355030008
107649882921692918
107655255763035362
107685921606504163
107690249778206787
107695335360802272
107706845715768952
107716632016989577
107725902562098162
107762490460566819
107770266254340398
107828816539350728
107836354478978090
107838730247337897
107839987436858280
107881311062625185
107899152807339388
107900428180064148
107907277178131682
107908048251588150
107914244301477384
107916154756981606
107938980223339210
107948364929317261
107962323950225117
107971853651801418
107975898575420004
108034812970683273
108075707524601575
108089980563865167
108110048760106647
108140140669349368
108147174132165856
108147732174701725
108165139366856113
108175598950962791
108185729037409422
108219199007008681
108219771716788637
108226690818601929
108234892403001596
108236100483392548
108282739610868218
108287194426816534
108295881624574499
108305034138804139
108308126613611008
108316772692948393
108327245975047465
108334466463306017
108353748129515456
108362430835557631
108368902069263196
108369653893170886
108370781294900570
108382661859201803
108420376846300337
108437133093551404
108441641499012747
108450415167103532
108519963997081159
108525754385956123
108525853698145039
108530763134512904
108559569720149763
108565150440015743
108593585805851157
108598761987030377
108609389916823338
108615119796774780
108622285103331264
108626055903954791
108644423532334928
108652041292365908
108660425602056257
108669423877074368
108697839060871656
108720459232005974
108753616094179757
108766961225954669
108768677596644710
108784298381620861
108795793053011164
108802673885471154
108819321973126677
108836965079983401
108840593699451266
108859095214270549
108860759672425852
108881518896929629
108907668979977947
108914437516207270
108916582596472007
108950843345424670
108982140319442854
109043211250445834
109057661617235125
109057810168020019
109064522689837161
109086476199429786
109097272992031606
109103230408516379
109108782794268119
109121405107408579
109124353185870334
109145433391370794
109149317357392363
109159734560695926
109172077796517982
109183031158707284
109250692482624434
109266903529471168
109269394709042005
109275357531961517
109277879915645259
109327994517738833
109347451718836779
109351543760888468
109355543759055896
109357095703092231
109360630212483845
109366887576624095
109368797639204949
109375835132546764
109400555446280433
109403476516225708
109421752861955524
109449925973955605
109452399559659227
109456447926614272
109498542520488981
109559959859867719
109617106849497849
109660801520718759
109662797967861789
109665152080905444
109675609075759044
109679319506125761
109700660795206938
109708692321619880
109725293668936620
109730430949532766
109736183090489005
109736259597796098
109750909161444876
109810587597191260
109820441073782447
109822366239839822
109842134725279539
109862229822449736
109862233314333513
109866668744497072
109876554433738469
109879815361046298
109883847704180323
109888329247474266
109901789235242074
109906178104417923
109910360777348311
109924658750291224
109928085118632640
109940345194960782
105412959801744357
109336766265241061
101457813672437691
108139698845979422
103467665171635262
109372307830576943
109934210539623815
103996299637663713
106429489492183791
106013546812332370
107951113910232327
105960289088658005
108209092569173555
103353456205194027
105982456438915669
106433235696426469
101344724153057618
102254641258581686
109852969395910195
103127271984702155
103195993214302441
104797780077403615
101748389352833130
104284672505779969
101818755103331651
108191764647534242
103129514465294110
109181128048892081
107985970812388492
109005097617116332
102186626369822916
105209683964732099
103020795194267037
108575264391557896
105080075202203953
106212351254870149
100472743770766719
109950932580946576
104233723071266195
108625681931504646
103638103275347517
106273014479926845
107460781301388491
101306455602341914
101739680019666922
105330452824140705
105144161100898481
105523955665988121
101050997637007802
105921466012462009
107037802657865354
100870538961799071
107223080611683799
106548546169519168
106115466240020705
109030770469207434
102707139695432912
107247678838565116
100366185545427652
102711086386911725
101208684836283677
103907305474067317
100887233533629916
102533189368861404
108026690230459338
107853303304537523
107522885645031340
104863306909488538
108825693574401441
109762574828885389
108913020405307617
103387161744032922
107636836895712406
103776355461542743
105373515292730297
104897750040334503
106079662564200479
102967500939557666
103303613433430141
104568849092561795
108702167616301148
109518123150779991
106902089663192059
104109705398113078
101941766792690638
107677031721257642
109950384179404188
107379944803073138
104212775095798134
106081023982479259
106923857435725802
108065425690411145
101535696473286281
101749109006790982
101997612350185540
100850587219675930
107223910535641127
102551770622269574
102486853989454314
109544756699240162
106622472728089109
101660581827975988
107129607038704121
104631855506838851
102576746488162351
109072179441490237
103075422745052995
104366730682275977
100091830604723477
107664506856508492
106197461457797306
101963612825435470
106072231300830737
105055613514704821
106537727358206675
104603416151191876
105593810812551528
102678248550114455
102812825282142127
107045139731381760
102909832291255285
101334961935901634
107226785877504300
107609932066322118
106476570787536645
106104165748293319
106057332617489170
102232799682101050
108474371054350919
101532637747246635
101644601801834130
104581201122187412
107535236693720689
107723427475384617
107508225495192646
108152118954010399
107173851524709803
107640251691932145
101773813946831302
104567938996113862
105013500901936031
104199270840935508
104246037355440955
105248584680364680
103152484278077892
106457145210845614
101406709945537240
108796602381604694
105303724246475125
100638192921127051
104049889352209262
106631533275548082
101007815908012867
103457475194550465
106602989786527443
101223561024195307
103121423357974382
105698273835016213
101991107291217962
103099582539702879
106834561245620132
103984683227741184
102584231775890841
105702997585476994
108021191807135758
106925029527113604
105634150902908400
109668190153491851
108468554126841524
103383043576817700
103612185568626258
105202844049639646
103428399690635269
109682033266171853
101317380330988374
109075720239710604
108627251264540311
100638484111827369
108086923995043703
100811089274392071
103028807318748597
103301129576374808
109996636494805223
107924205628848165
108043382970879669
103521886909862253
102873737997378741
101276107927443688
107242426915112269
105138270742284313
106943904515424076
101080456293102696
101319530054844308
102809519800037958
101647127144865817
108676395114062050
109419523015720837
108563582299659869
106810331497662618
108088512818681185
108523081837606297
109309533118411942
107186936932987644
107172797662141675
106427864756593788
101130041751742592
103002695678480996
100139190539539163
105581672860401596
103729281744970787
100556032082613676
105638939162915954
101925501336388853
103417730266710135
107905718952951363
105599222974745624
102860932035229428
108350025503241813
108410255896803516
102496902337183583
105412443742402432
102909447494915796
101475370622244220
100417053547463098
102519819142923785
103713404578624079
106808959409024672
106919367685269959
107094163651042478
108478291282511526
104102102556285123
104526567463999016
100065500415402840
103248524752878361
105081718552698665
103831524629242944
105082699364575437
101471312264521011
102359352883762934
105490824481342722
103076791921357921
104161964785925564
102196467296122531
109436455105715680
108631083637542030
103277246450734353
109314320947109733
106282594361204000
107340237098592747
108127317786797870
101988114603104011
104624045471808518
103199362968255331
100833569673794322
106697796441865011
100338495224293626
103225001055033506
101575099626856506
109890150056404491
100296204513903378
107374270534682567
103810678765169041
106780008867465777
106432624524778643
102959978461436569
102920957738383798
101548878610804554
105167216519084825
101502751090925241
102312159506412671
100709064425187042
108582620612500075
103242014980106590
109835027054564540
106224375569600951
102854008299080512
103094961113944424
103927389607325538
106979094265702839
107744728969359227
101859213804562708
109811228264394394
104991649671838851
108489969726334038
108377635029251110
103472791482264567
103561029650567684
105868115883753839
103676062505673068
106585038095814067
109214577548765792
108639746132557648
107901498135991983
104561189698490531
104663337865836038
101614849666317001
100489221094171324
109766287378682401
107063635076389995
104365514926730823
106106977034147258
107125431871243253
105051992412541736
107271462306078054
108146872969810716
100591793554316873
109180004963552070
103316138954893958
109151175050225060
104835295449012016
101152881519918346
109530425952680362
109065915931366205
104792380821180769
103257296578528590
101566027558387095
105862636073235318
101457193283611811
103840888121236774
109802992617941169
108185019645709621
103218249906921610
109939419618395198
100635425679691245
104305276460194115
106873470955786198
105965161859926191
105595210634907855
101811821450041941
109827980596521771
108442279794997817
101201463932758091
104916680742912427
105184348861952101
103134441979358787
103008724425903151
104878749809667096
107602040163134878
109393195989843060
109472962084300961
109371006820768875
109051917117997704
104898873983433360
104233628905401756
104899254861502441
108985696850221783
103463607089889625
102871519906528689
109796142611165947
105537225520523074
105332916727266228
104410366298922139
108103200450748094
103316294825471431
104482263576948326
105764650444243081
109859620880338000
105412893870565972
109970839623205183
103072202416438734
108377197507244175
101396646991080523
103809138273448431
100007537378529954
100985928904176439
107655588362112356
100482797095763598
108786521890495522
109448430190752733
100227683722807815
107605104462886232
100555029858246469
101775367181054036
106938295878810851
107305009217876247
105615730759815693
108144078513415281
104809811363173050
103016262989668853
105608824591010358
102315936787453165
100399695930883444
103666349620836182
107193957848777178
105681089051424707
105254482451967496
109688320954663789
105030182999807837
108648679038154714
108064640205380383
108716205145400812
104175468294929344
107900812107160244
107864388268553312
109934067874301335
100487268324802976
106723855851933814
104263147699257948
109044703670619510
106860752281850106
106841588043099763
101095550564856435
103423448715786369
106875364430336952
100768169770833922
109557785837571810
105834722277273202
108143426722128933
107100160378428785
103343846447566716
102321458727762885
101822382452371138
106402665057134774
104268253952078202
105022145773505209
100397319405622806
106929567727183264
102347712267334167
100899384951630385
109683086777511094
101596221111454136
102186945818024267
100231164423742261
109533294612385164
105845365693821289
103823487381339549
101247908257316245
108262816763804877
103981084953823879
104518256901022985
100930306229735603
103167203545949576
105739052420750942
102324105990890134
108295611884015097
104762448909634602
108629496824109741
106554569757452742
106775438498853335
101954950541086962
102052107565453183
104183292945045713
108101007399633991
103682076340426914
101121210848163270
107697856450041447
100802224649704801
101708971735175857
100833024421932327
106569166383088486
103009426920457629
101990925780240011
109356873763581470
109482958518693395
100439388075618975
103470363246470936
108062734981710814
108630431166509339
106196389733096479
102110517460029197
105424172109502998
100581684489418887
101738696399393376
101795460138709648
107051669098775795
103363418356601342
100283730280394076
106422344419321556
103659959423018193
107327744899105854
105610668854325214
104580665728985049
105435870362450362
107532822242757379
100250983051621925
103913322121811158
104960044473653084
105899865473824815
106823307655871928
107628424161056594
109550214179934816
104213978274747936
105227609750348092
103340236199630339
108156496489690861
105809034514672480
103936239913532736
105818123850092889
103654933283631827
100406413592438413
100019659097977252
107973533912594456
101637558367228172
103018550123184672
107759143002922147
100404202089976081
104196373588977836
108242536526122848
104023186310265871
107315081012398807
100004870215947083
103035486798582526
100219199647692532
105255417515691264
103804285612329332
102387215918524169
108193994382148799
109945387014277336
105366798983546036
100144013161480925
109576112962214166
106499196718270468
103330243810714942
103869285221230500
103956726526790788
109377503822196883
100066405798948477
107741839501074645
100779714221775516
101532314896234176
104033120174755981
109801335896377575
101296669138396285
106800329204695103
105833163640927099
108190929200041208
102126590144649350
109874878167595483
109432756406607638
103294663246316729
106350579620462901
102538759803627975
105816684608887899
104452718800054388
107375941743641774
108990543403408733
105984762308096339
109545250216194936
105784134502152920
107054487872536515
107706649415921374
109297699010140500
100825567848351856
107660690769883967
107711697865425826
107206512033986971
104842643331880063
108380796128029680
109338872588673520
102826000124856374
106244013518403912
107890299822381204
108183526286908000
109733536983421171
102455966592360263
103309830385671588
108183228946389039
108525950773971738
102949257989282287
104705335902881122
102410316477289811
101467965206511222
102175161450044181
105556938340912086
108631844580576200
105620208749229451
101163118345488634
106979284793632618
100459742892782915
103976304051017421
104422522582864683
104252459984244233
106389159853222753
107016043703207322
106588238264606484
102985910633958147
108374247911677019
102960169215271321
109667112514492079
106966854421406668
105845657817353968
101124879671709146
102523175605009025
100135728856075567
109978375758445708
104277145255868326
108065246939577292
100465880371886020
101896072832832111
103654442149083560
103388766404678639
100905902046873436
105696583294219919
109545956053183912
108015210300928950
104959468291086383
108856268096275281
108325328540339933
107252031967473697
108440372564070806
109123587712669204
101356752086174205
100505103698009574
109778996024233313
100353966614274624
103894522408015521
106977102767842890
105311486272861703
100459997158525992
107944800992656308
108045332469155031
104671315507970647
107560671574151453
107721237563296697
106354776129980001
100237497691584175
109480196345174025
109659816822299209
101238497622494417
109376400544898781
102103352636433082
101143631347078864
101253529704990766
109691076472393681
102706622697414784
108859557911827194
106909295571405901
105219405127061756
109459187982105387
102873376960677910
103424531993593691
105691809995196405
108472878145441616
106270552308877432
105590537248325753
109835300527849556
100548249864762955
109170878634394006
102792564822279267
102804537998495807
108957139372710572
107301478056718921
102613262441258382
100616973966170636
103901956795706655
103042148627579648
102225850127686222
100021206168525211
106738351800508323
105040558943270231
108376008703283698
108780360651952472
100943069870721458
109211627634716450
103565471023011984
100780971773631885
101511022430123906
109892806029250767
104563448892938598
100996635060451247
102521632346662355
108474538924756094
105228916327811229
105794661680584892
100524011055606838
106916212116031608
105577332216269928
100642240743091683
101300067502580102
102257412091354299
102291186428812097
101251013560983432
109474877419955836
104019400049369895
104333987001068616
107851491767210136
106066383600760344
105861177035982920
107231598949299819
107801737151073185
101064643478394574
108876723883102764
107102035450588749
101020466786454124
101792916982754626
105903923965809508
103971281528780919
105431960384110780
108664183113425494
104208133372482246
105856049762116949
106953774681996486
102122620205278065
108841663772874359
104248864337115266
106635921826478781
108439249564308039
103637194456001574
108802531078549717
101063403365358644
107067826191383843
101996701873004019
102670034658901505
109119437503335301
108622399624628023
109579062191946134
104119129124735992
100467500376597054
104235021462855431
103788783526379947
105761050810506081
106044455567865994
106383084836152408
104682719453546964
105371661190871044
107979195316592860
107529925158743270
109505267615890829
101667956155513964
100179695790468625
108629712267315509
104136856943011000
100831277781173458
108485834751675917
107196800160482078
100347567583536248
106536921075107459
104939012156966834
103065002342606761
105623944627674653
108717484037345089
101803849663737325
102993115960593554
107228824202196140
100097519532596936
101836379217037451
108714551334833391
100385070020923517
103568602394982978
103286520371150592
108814628386431178
105162929509759305
107655516267528893
106381851955218515
107859965267874554
107769067821130610
109200813433892498
107684281448006498
104879659509367274
105214362225475427
106026577144846253
104507518798001070
101160963806858097
103408509019440869
106541692131120579
108466665350877062
101989222911436190
101939183897833044
105125317562494243
100255532898109387
105057801548258756
109206689664637752
108823176195880640
101433626293383372
102961179061772114
101781054907097335
104339417251505605
104347893981819657
103010605665785382
108241069255925037
100446165471968235
101248262057311581
104569329459693376
109769351569803307
103874633188737013
101032999805107557
107350693848410229
108508389851408553
104493633237204015
102830246046987388
105820611271582892
109710947707077162
105461089389779353
102975904241702375
102749349527626102
109544374908286970
101634185313292862
106059998263431949
106567484366710232
103171263776504088
101192270236569486
107851307321497013
105806336852215077
108938934735511588
109015008319179529
102822569021241560
108200804004321609
106636836817211648
105974590161604965
100299505371047507
101225612608406360
103624287389574393
106402389404099753
101762226963298151
107461639187958419
107225161631288279
102288364753692944
109212800988130682
106632770785851951
102660797194949497
102556012778272167
106917609143943922
107261031947825032
102186337774079792
104639463282363814
108528503462964760
102596825093933043
109265265777139869
107013986937201071
105423046097688646
107028463603967493
109786089810706453
107698066319744491
104137507060142173
100080368305157498
109812486593426404
103247129949931074
108958748514848413
102867070325240240
101291204505793725
102781257277105754
106988268812532177
104571364146545418
100471501940994494
105785720576169707
103973165500842325
109000801902139172
108680976585310057
103396462987043303
102678188594901175
107833632716554301
107623019666485616
106685405008431632
109236007520421760
105262497277568182
101889204633119783
100116431502968732
104802395213706275
108325687102704157
100770424866024888
109177833027781978
100716185607363246
104420556732869897
104691144349446304
101655260037720044
104752708526062449
101094505239561875
100365937452014302
108216848540417757
104810375393378878
100181961721564143
103817558211360060
106277672547929096
108251563156607612
107650174271994105
109459064278654993
109278596767878953
101473103636859283
102969730134217115
102643297584014938
105882577090083022
102456032426538742
107671788261015826
106323920173209693
100147795398924968
104713985284155561
100333551644757596
107574159099756488
109598073379734544
107562411281077752
107941568634546761
104978016278608954
100688789426787559
107134081585768947
101325096755333106
107582178029637558
100849689501402204
107584452553105730
103061653229725393
109961081809142364
107090166593451775
104956774361019529
105840741251402444
107341901987155571
104126168576895941
100367777336611850
107736060757315769
102180622523123490
107202398116696883
107324676932649761
101060810449835666
101108738415872754
107409800646947536
105822940293439571
101695313979164633
108614744886997572
106706450385487279
106692874563776980
100874731211889298
101535307929135562
107312352281467061
101725585106657608
102757234086834958
104299226406985478
100150320554482257
101493215232020735
100293901006345490
109282952282297750
109471390108610368
105646155418334109
107286470640307001
107061201837755131
101740791866073116
100523513517520430
100707301186806584
106906688900448828
106821885890448961
102513252105386353
103194119647239761
108972351368881516
105116524276460406
105465383113450602
102747395587679902
106540443387217647
101085881642174288
109489328925061362
107509757000234272
104269973978979771
106713586993381637
105798599301320338
105719350214527533
100091873783445159
103172721837255359
101741004465721333
107073108829766917
107766188745486030
106274637871783200
107504284655827813
106945091942178991
104906891866211003
101666453702487493
107273468132129960
105832652969265206
102492450539248195
109214196145863602
107608801809250681
102331559058209311
105400186451594174
101567528705541013
106672362265891318
101362992229465708
105015722120822859
108884294679422962
105666634480256014
104617087250274489
103026634012250948
101830028675420770
106981802164222016
105849875424830241
104882179902834232
106596427930208468
104358859666317589
109340681641636308
106343801805726478
104359572131907097
105635237696126344
101031602676525527
108435198720904345
106610254411149935
104347109883010183
104487824209794192
107121426479582060
103440581034380933
103161020025519649
106987792934238822
100684526195921707
106191298062462278
108604941042024830
101965584626389734
108616954574383881
107565959956548804
101391497764820256
102427066681100189
106575911435652283
109863010434295119
104477690862094015
105053621233481087
104393566647003225
106729338718005036
103452000786334632
109720181038250845
103027858503201368
107098232397434066
105245428861789895
103538277758476631
108968098451885114
109029529121396007
105292311240091950
106083587001907158
105691314043161474
103734164814118210
103821456346874503
109103423193437659
104535820616848414
107466182336355814
108270776898503503
108329504284372085
106739033354757551
109185743583239969
101294334588954795
103154509069393907
109449094363253955
101897981676823637
101942897391554669
103466786558528334
103601032215760056
100737130799969261
101411298477418907
107269975973057857
101443163710648858
103405841985979568
101705380131643032
104484397002513339
103578078858861727
108402095504684757
105232016841145954
105175772625207729
103887175202413056
100709700423481751
107587300724758680
100808655143626475
104850961201358471
103410930989933480
101048022380066827
103619404653524503
102768378853578931
102673877503743883
104446822416072635
103323304637536183
108614622058770886
103778147559988317
109970872448766931
102676141047866583
102070921047582799
109689130974468046
109777323826629372
102916803922406710
105707406808879496
104840427809149257
101346355111083437
102006140050435963
100386404077036183
109115482435997351
105879454964746223
109034660423685153
108130588832220695
103390778307565647
108224690243024344
105573635687964581
106396763417683933
106090229138625592
106718027587885859
109102828059078225
107413415244218206
104877621408728414
107565749682140798
103116769409835644
107387446908554404
103460003684855060
106525058537698560
103062635834275429
101392086518073609
108918638712282545
106219458795516350
106394636024045424
100999127656115688
101505627801832452
100637918026516812
103382019217945954
102097072615018736
102967993949595310
101363721793189681
101672500917643391
107135279252243868
103507895634903031
104737341088233342
104872414485839531
102731214394557103
104956072288370611
101702522113607339
103639138372873049
104091817291546385
108340879718685668
103054409103864785
109025920254976826
106992210477702585
100780570932718047
104825908765258064
102213595048040204
107529452133202903
102621417613763314
105279414021085910
100882208023262264
106578885948588055
104368514911467019
107269543487061545
106997493527452623
103443539072632128
102389530420045100
100106245163637137
101500092334644864
104085635306135638
109731391440804962
100838836602623713
109172812760510525
107144168182951573
107999109908555758
105540753643553235
102014544411534137
107298516012499307
101462019352790888
104910873705605041
101374841889046559
102958031814893549
109294962626336968
107335570480933188
101125999601352039
102447023584381134
107147547368479627
103999000935268064
106072938051698521
107680481124857728
109712503100020147
105175533786905443
104742784609648223
101903051406921209
108109746116564683
108500830705541242
109051960212994340
101998090262155115
108169118944593239
100314358121673618
102631302633035136
105179406721329928
107379674366921409
108070851220966573
106963899589604985
102459480935335065
103705059366571071
102065146995863392
100718143083697967
100833164144993735
100243769515751165
101998331456440961
107060184238372769
102345921435931632
100109964518542562
103101686319620739
106441237387750573
100023552094319326
101459766414468197
103940487889814941
109064466706641612
105832066603071165
106908412841031556
105879890420339851
106588764482671836
107592718331999181
108808464382662947
104700659847995184
105060357626615553
107645478562820266
101293255786191503
107781755656351356
100975681881841338
107439884829951140
104585540108556943
105700992581051066
108847123952629782
106457021071533970
101435188995522030
104438757690537153
104476523631075670
105684034899510660
109108402303198379
102258798563217958
104148282553550279
103864321190399536
106212609618934247
109519452637842477
102110047300201119
107353359699028956
100342896116336623
100797510864671891
101459366331559145
102100566924698794
108078358879137762
108845525005368091
101578634312879005
106271853142557738
105849779709668478
107512257736644194
105571730061978485
101683566052420421
108664137251312052
101548762738178000
107191629591630882
100269742770233454
101317635427433460
106671679897561529
101685594308072119
105332759410497615
106502769406744896
106812949417037921
106540086997750193
101646473401599435
106208883678401335
109580701008463804
107389605469175537
109621309984105594
102696441992953635
102855152692286700
103569325644282391
109930133378182710
106540329016934035
103759818809826452
103125673918035565
105475170930000235
104102319903674893
101516111009784859
104860305085644379
104049846108730664
109620506547233620
101034117060977119
106132967737581888
101961673727878816
106301750530710573
106003391302106935
105023186814788302
105846864495248429
105050277132002120
108179598795269056
106622640899698521
104542502536513049
108714688768182174
106910261365754202
106315812110878175
100488160597426914
100428616934693654
102300483560533038
103074032713918074
103902978442721421
102416602252872528
101956201450710412
103471697574006200
105155328711863232
104507179836133567
105767930907546525
103598125631775733
108528775075466312
103438479424814592
101027998325525329
108111028343128939
103998880977683293
101944405695118067
100652036568183323
103724955030694523
107484807152057685
102913247537893064
100924375289214591
103700122278358670
100449672925909857
101027599776476567
104956508370691879
104025500429959848
101022912927351312
104236462632236579
107664930196051960
105381817865810670
107002582446588838
101595043672353164
106669550688626904
105290073720098193
102809978891675054
104480257371679202
108578323098375051
102779849939348218
100731960505661488
104722584965103988
105087753256318141
108204509536199680
106139517324480148
104426899139172799
101601515342973433
103489484889123404
107228028362562089
107503379082180560
100112385659787879
109221531426500198
106573187386630526
103859860198277617
109326557542649911
105510303455680217
103233404104019346
107690846640752100
103346969041645722
106762263914369054
105048475388961987
108780530615142295
109247283642537193
106683139543754581
101410587716458815
105658293696045018
107805650808709147
106502460083403960
103497542574869806
109956346773587852
104292124729890930
106191813107994626
108486127963710907
106378090406068250
108281975849584487
100136155527476958
100198655236228534
108773050094673756
101653958503113898
106444820919171477
103631188454934240
101337010670461024
100242101424331177
108217928988119205
105083609854645642
109671675888128609
102978152580590941
107753016518529528
101608195136653383
107064681413973513
109645795646931858
107482452587907097
109526451707852548
109597837900661211
101199825275601610
102264998647653958
101664465709522472
103958850761702172
109184490841999513
108522771617421836
108668257260774075
103979524315215314
104315543413761379
107950366658485854
108288165645665441
108562072364428111
108699340080283548
104999338592060440
103323819682490927
100928425600818358
106278968414684622
109215973306728898
100855866466016915
108095071195158972
107527193888189786
109904361644968536
101314045886768530
105018483714275977
106284604370489623
106094301051376548
101066696308670311
102550040140538842
102002819175153654
106228037354412008
100459198564477503
101250559749113996
102096972471742640
108025885691421226
103873660392758900
101186939779183987
104524976982089984
101083992294404319
102259060520361790
101267096349741962
106624500512601060
102029195760251925
108421401191802572
106180459029422267
109443922325227738
109521788398340404
103236650043543526
109806313203284945
106139540517622323
108880560165129139
106142616704530761
108639877491838618
101493610701517574
104710635117084994
109436227709975640
104993189909906833
106921511853820982
104449391342938734
109943405833532741
103737960546366962
108219727136378735
108551429568020409
109441611814160008
108338776188544285
109921038337750772
100383792728212457
101307727247747236
108150958951279059
100799485371239903
106598140206703294
106817921341067187
101973473113581725
104126523492172159
108123614272860875
107483084275498439
106758791969435748
102041066786036031
102167828219933397
108559953148173818
104324595360562272
102657464637619641
109687538542053829
105120279642946712
105810464048902034
106340897779533419
100203026929281970
106132044095058710
106671142658030713
108958798948061074
100314091180692269
107675076032970987
107620544948229390
100927660710756085
101836757208715281
106012938369954147
104807750098205806
103607020431742475
108290625436920963
102509542652066530
105701562902457379
107153395061685963
105383962902664041
106842967750451440
104224822957978813
107046251165364183
104419626092627517
102735152999763644
106399819915116787
102167885141822684
100741039784252402
106156972389641558
100608821525800362
100936814039921141
100099115879531738
103128005023071035
101794040986450136
101268481941312234
107665530677461767
108721310124672903
104716355209015746
101579055921361341
103755236647412848
104901060557350338
106574908057701607
100399396240650356
102858262491370262
106323246547358750
108471965824634823
104268359803910622
107987089067958246
102498719939770689
105822331568795574
109938713031444246
100988380042595728
108034897390700821
106096259647139041
101723521629712887
100163944072718233
100817784887204751
107176748013393554
103475717414736074
109228659588219104
101997751860426214
107880785617332723
100561416500558312
103203264255602149
104860229889846356
104585161633819079
109821681266794537
100066488304839632
108881207666434792
103138158588159016
105640714122159535
100839357088656855
105967272981447167
108171978850742273
106300418187927743
107803607588956411
105555022889023724
101101731754458461
100691072617613975
109953314593041259
100568459501078015
105127183070577848
108222214723872910
108744510225304949
104075318544780199
102321523421115742
108801287757857837
102874860674240784
103138760532918651
107360977993320585
102968663869232353
104985120084906887
100735203993571273
107143070345727495
108134305008673977
109146830393913679
108157681858798527
102356590046025865
101227864436851584
108686853762889885
103535528356610132
106425646650064631
108112836670268377
102541852515261652
100388324286067086
107371448291875668
104032246067642217
107437024668004240
100834178666447474
100818410686453428
100355927662237293
104871231812704751
101817080211619021
106615336146437264
100589639575539204
100691516772860943
107655956820846997
101364841802974719
106534516206285164
106264227675171573
101264645771783060
101955614223259900
107084187320306887
105073060710425857
108950395255762066
102880276404273764
106920207125955056
104094731836736684
101375126181172961
107161187171807660
100219777104291908
100148753746668480
107559025227178226
104965642171512343
103031021977069037
108433266571227106
106840493939263290
108656781844442565
102163697402935221
104714015617101273
109924763644159249
109127021058617429
105304073276922885
103082894181220740
106316705481350675
103447578008771828
104794792289520805
106409067921556022
107776796387792062
109859019230291714
104068995965009658
100571436027037261
101524379237851910
106357482675956579
104950206999368942
102553878295328616
100314280369515286
109514927083743398
104875160719768868
100247598771895202
104247459295423582
109146329336611968
101485830805572863
108805969991708050
105961594142909172
106361201811573567
103116411207496725
107296431146813225
109121250950024118
102411918915917185
103803032696632544
101570023179457368
103685670225939409
103566413785966167
108944327616857155
101717922422291543
107701192574050537
109339865212918365
104888641168807323
109052535864990463
101259337625367471
103024469348075487
105187302166528473
105086492616380766
107048457673124449
101639851809887219
101108417351447652
101156635111319856
105279240710843740
107204020209339386
100230426528560518
101351974005008478
106501393710338305
103590636594075230
100019607386383702
107636635628663846
109514280363997090
109688024109469520
109288589583517147
107208172805474802
101550447957261357
107952968233856202
108295438991728540
107674726886312953
109136994271558815
106111767742428745
102389714096475997
102935966966361552
106891029542925469
107778464851564619
103991637528320126
103038418819754825
105633468765461534
108778385644945778
109097710707592305
100878301460049087
100725656165266591
100820732211809680
103564216851172964
105162084922340205
105985382269540712
108542925033176896
101413200622698639
106154757414780258
105982885834700748
107140254482238462
107574693067945290
102299197557784816
108838921565649110
103705605570744367
107458979880129706
109640341032879429
102117616783934487
100402074455936983
100033955784733145
102286116090969498
104473686345795156
101184874631432808
107344383645994326
100340456210394020
101304706047461384
104203247839599054
108830771702566729
104662474939893126
106851561004704321
101263052556391294
109942316746898873
106723710857764655
102590705737220254
106058901608809943
106522673862370280
102487672389746344
107158971053489008
100055599905361057
100183287459955172
102026426047109308
101989710854307670
103599583723626179
107159519969061085
102243945327538968
100260257802364810
102298618122809434
103948424234110679
108648544526617319
108742665737579488
106463088682839486
104885050561242596
102032268632415372
102761088031042374
104285105455364121
101756489037341405
104635108817726575
105218206362466069
107686312779205294
107179013435660100
101740961304736869
105380552532878248
102989713895400131
102977868551798535
105721092137149357
109650445653412234
104368876431211043
102651799466814354
109085490209057454
109882106378364517
103537811644447768
104947925842710594
103544521127564481
106254351837018415
106754802631044257
102712359581896147
102578798181175698
102302747090884648
107891352511286458
109543280035952224
105062633479227634
101235394914381790
100277126621795970
107887980255577763
107541540734099926
100523965170818836
109561789249467323
104744283851711249
105025144958501199
101794955911985929
101220449537229232
109267235324556113
100816795454728279
104376266778943626
108051172803796189
102145491801081507
102300775928265810
107358933351093805
102707290542639788
104816278257911639
109065427206892484
108849981876752682
108427954559081438
104317229423166263
101809375713047131
108859746472134069
109962549128538838
102646754236842789
101232813448984264
104346460879768345
100466135743508259
103356944079528286
104093043838193797
107100534603896346
108691933671221850
105467508547561092
103863259601170112
100942282102925794
101683925916746694
100670670292295905
107957678847941226
106159062127576580
101271992940883903
106198672361772452
101433497236565427
100444311643248969
104099674471553105
101424259676065248
102513666602080751
107291665573994562
108105259649828300
109179759681891973
101967244819183956
109478239890307610
108660598589585843
109684069631129554
104753609677688958
103032389468574514
102632735758035073
100244350522311895
101406439855796620
109922986543409722
105020999982192507
103099708457966629
100703111340617915
103498346014666297
102194227823767602
107123919233317281
102050339500990861
102304993489891208
109378032579204832
107035649541065213
102455301219393781
107041263549437740
106401345441107384
108941329138554378
108773941721898366
105596739312509642
103230582713554427
105134563826477143
101689950800282744
101422951332281541
103528250190673960
105295837753437733
104609209315414921
102242606684730988
102566514185636081
102844672169407642
105146520919241266
105944923621653734
105643328875563381
108933620356128559
109859097739732808
102339847319533106
105723877431821334
102085237358734433
108467427754879412
108810470913785655
109203679426845961
100538613086207564
101339631782688377
106759406596004476
100560458685468102
100157053841527204
100753403692007562
101705174675754130
107230784406027419
100233521324902404
100823957984510740
100343175306541118
105635851333848842
105472434628309170
100262949830689447
107148466040315731
103656702762355122
107851857666212935
106790591883277470
109881504854193747
103873561782487458
104863156681765487
109259780782466509
102621322282349881
101492486189830464
109138767156946729
107064227186485548
107306475385114023
106177333559642864
101836308472969790
103065722529703849
103381307041645889
104396493156919084
101336483172778634
103860918802702256
104164812261448027
109822970098483857
109765083798039612
105442100006437114
104746785783500006
108203840152786351
107295511007063368
101696379631209599
105975635542340664
108472317216615096
106391179969789523
108270618964976246
100754763659783532
101080294428069117
102243492110570775
108829785493360215
100191150038636693
105016289793091794
109874782765737170
102160197518594167
106709966546356159
108189978990668275
105155156650361661
109135606618671382
103663388455057688
100548639892992065
102917946250248658
100095828666532257
100205181519790213
108091145546670921
101292328056752423
109658477121872946
103543527868462038
108104384708661385
102140840256446742
109923232708364448
102823071777343022
105599028650124073
109647523824564264
109756568116485695
102070368514764045
100385675561600446
108472542412044485
108453093256114986
109414985863626841
108406545145147368
100859318810783831
104660854943591249
108720152255439865
100057387612879381
107317103931758322
109215619962829212
103433777582444868
108432671548546867
109078466606984309
106038663145520429
108723026641302292
106039053115030442
103136527098372651
105683264625505876
105995653771886747
102563136982442300
109552894210260987
101075054480263166
103820740143498818
109285607275098754
104690386621216345
101037834740321167
104257782255683480
107585942809699191
105170606507256350
105062875635299536
103466879791577130
101783873882570457
109024356826178038
102168287677029766
106759825258532480
102186705571962454
106902942337463950
107350503439370295
109095823275037935
100007826208516516
108508626525209051
108823889618757204
109423219836060591
106578072149887458
101516867904680336
107506139707976558
109607554568348074
108337136715112611
109566415699437630
109081710136232922
102437170701030611
107971589278663477
102029731304681600
106937788367293822
104367458270049672
103499952352916343
101734581089949177
101760606644935901
100932645315011985
103156251067668821
102217488673301856
105822925176061737
102736653652014947
101770143528216523
108384905175631835
101339721833685723
107187459187570478
101335303652467575
101924741398354563
101922485996131431
105924193769165240
101605813701154158
103991341432426830
100740566827200026
108638949388238087
103222652329286076
102113479167835402
109296259158100784
100587752024721501
109123927180522575
102891457167057897
106687588161003190
100442746474845735
108209200465718510
109097865046005403
103918425956396005
107612382358907705
105570223465301371
109675479886920168
106254338333600312
100785230847313547
102374900894583636
106655787576261112
103097120293708565
103255881555086747
107716435168474587
106497780916366345
108411588282629031
107765694682946721
101392030445053910
107293781701965290
107366093841915354
102855229778328382
104021071000003822
101702908885056430
102851380553497808
105682345006382173
103475437955311050
100660971160309321
108646672324324371
105011280455193965
108387947627215151
106607329869819329
104960340926477414
101245320950239999
107507207296277712
101755975878909311
106984107129133235
101748189547041584
105496310731681786
101718113461202658
108868769403539666
107236764805266425
106584602025428439
100110235589302739
102666376201532508
101880422131011064
105539028054068424
103372910286015209
106463483159998524
102197253283904752
108161842798661318
101077235180030666
107183918511339708
108956886792636211
106815114558469383
106382703335773753
108545493145949658
103464012482856973
102953310789979100
102952307223958459
100530963092932107
102810967334833277
103416997463875560
105997895072493748
106070337634499334
109301740948275116
100856686446982057
109494363748910155
105057899237204429
108937622382653413
104058587624231394
100984749651663331
108610637211064985
109025599553012031
106378157263604689
102028497128474456
104777126375838726
108666487579478883
108317365970924914
104273003010219986
101299539169605007
108540908201855856
101442591854839289
105101114716290146
108576199441487083
100566161244318547
109620338615872336
105239687370433974
100163468481617062
100601875705054467
100359067922363763
109768607836769958
107336549316027546
102744113522356309
105656187553140481
105870364592018970
101753256804443563
101320271399201415
102301387506709863
104851761332008120
100056616538986086
101532193176891096
100024344662495608
101220303316872197
103630476318383499
103055408975712467
105046614724992435
105377648137020673
106259995009505526
103336200630688484
105395924783102434
101286242277795944
100626019285377242
103773559445916528
109414973387507207
105474216246441071
107489280948526597
102213479824214547
109588194047974719
104993661816581264
104941399748375780
106910536012325966
101190332243014195
107679131964965383
100041032535806080
105103293256522648
100929177538688314
106808384770843010
102787748321764871
101080850392974772
106083621849956422
105093032349747946
100976186453752619
101919927472680507
109424419246909568
108449865411717305
104111009671345566
100802533635955884
109139282606937971
106492537250645861
102583056223011476
102524534492731264
102862938618165045
102343247160387007
104703320901891468
104988159078529052
109324579261588054
100766482331694809
104510360151763912
109802829742177265
107709817607390635
105906600106936034
105011201145168091
100842684286467124
108705192376012220
106116211897704428
106990560894567944
104261408670347152
104653878000104460
100060517673918893
102156726931192440
105902483485505344
100580401668170608
108758120318088037
103586753402878697
108403870187952341
100479467353611615
106496614607868975
101572157827776389
103808364365332602
102667594860125700
104472923090711468
102668167273437948
101920712775473977
107333768394457252
101277756885219853
106408258393297346
104291592795032108
103340923367002497
108952938511954718
100300477889164185
107159623905666685
100219614072965595
105493395657200606
107550570018760695
109910711544019853
103898994683577395
109093328487597058
107627949057679927
107920348500389602
100168616512537231
103857674058642858
109228709839148581
101843479619060902
109707945873170842
109127266209735403
107940092571133190
109840097222125159
104732484579402570
104041717837917561
103396084138456237
107021230624967985
102797235312388861
102612823559640334
106309238997232694
102864577381484671
106804703388606574
109413633529402582
109304664248524445
105990035721382074
104442923721756597
101768468640863184
108676975697750224
106288204245725732
100894180384341361
105769511053439319
106010923143112222
102798778365543004
100355743497430643
108482096032032822
104243705981606208
107674065961415962
106460237895715470
107399367406916196
105136348512598023
105863108995691684
103882994047737062
100421190018811783
104853533358859347
107492782211133086
103846458184868150
101917119763197516
101762096445923726
109823847265232066
108143165495211518
100221414086219152
105796130324428734
105953225941971380
100050160105101380
102112306039393363
100571216653395227
106601393583002382
107330616631749943
108645686528617970
109819972400833578
105713286138608396
102857735623564618
108516430658743898
104840346779726078
108068574590111492
108349970902878914
108400541486503490
102280987448731060
107311105740791431
107250167938607160
106061768854792516
107635589926830781
104326036397327313
107863383984198541
103991203195460004
100925879228602301
109056128279567651
107545007973126844
100161847919515857
109105989516964842
107906593962693596
106163246313607675
108238871302751209
109934074567796024
100709249432984556
102653084622429967
108374275320423429
100574232924886498
107259355308501916
105940082169553815
108258130859676886
104851965164578320
108534826880322226
104064366675064690
104555340138636946
108286996453088977
100913278015832892
108842882375344575
108718411852649550
107758533865625516
104328112210364051
106729337108615171
109085177564860465
105318379066758835
109654528332741113
101682295051407062
102632057079833529
108477209583923644
109529661538136686
103754602369721103
103195539427777937
107395506770022335
108709190210169769
106625101906543848
104268747195530344
104866489712276155
101189257044166786
106257392817728827
107668036853460140
104461125331218340
105143786840443064
105166493478530503
104604912478418304
101378997744693744
103719024517451371
100540624505233287
108785897651439002
107415552044072293
101007157091181074
102616919878228139
104625004861944320
100326011297297685
103847820688539007
106441712292812220
101025007740989854
106620200990804785
107370449154187947
109295836696557939
100323300374754493
106577732582533435
105312556881088924
108432818932572959
109160714909475345
109439218926068625
108118108625698783
104189282783545179
108692960719220160
107565700612336713
102190880105226327
101810453647517047
109574509403209932
107691120800516354
108866356659653085
100609759359658560
100730755153157098
100161121586183525
103322651270041705
102715427179973662
106912277851568060
100663733306943066
109066885962400909
100853516300389757
100152425987122744
108554076864029434
100922284633669685
104131005621801978
105609775449262434
109810043636455957
102391932870291267
109067519784312332
106181198648002165
106105466051102669
105733270380559172
107728498569689250
101721857001240553
107723078014570792
105190760182838838
105877537944415590
107856006911209057
105269767888031442
106951211768168066
103393784379071176
105113034328217723
107131767044202860
108045510523759026
106446658934910308
106493713891511834
104833195655333164
103747626160338592
101166837967195036
107566413810937846
103023066246772232
103582192121664975
107242119813769973
101164902828249107
107444642764677855
104311415615239970
106943963957161034
103549855232412673
106895207336950660
100023138334836120
100772792892012750
100341103345384266
104345948089641562
102023290850561593
101124807907126288
106181155310142460
102146006636262516
100997592216809263
104181439721360049
102281113845456676
109389537288672806
102436231787656313
106299658158528653
102137544166186513
101877295653356007
105238217781179236
104257914883033126
101965338242080565
106995434881727180
108226378514284995
108064181775825547
108096838973033229
104679868314436768
109205476556048830
103135210895163647
109865761132418964
106525384468483610
107743586333760538
109889450932720084
103536013221848095
101015297832967674
108316896426442969
103755518825433448
109907194886188482
100091030627729992
102794541003283029
109341104821809390
101162925779433364
107389035611014911
100506781059393797
108543462578200277
107406023312950978
101530964123212156
101938331734828166
109551268560560239
102335484394464664
101145773170676919
106148636556540287
103086980473573169
102238800013093266
103052032341284756
108177923814594146
102979595756342685
106352988314428284
101411982061287570
106757817191803664
102510914977560168
106455592694257426
101435451094103774
102711128213928515
109011339406115544
107141683134419822
104302068639504446
105367155458448588
103191954538546797
100000421551341101
107412110055211768
108958053340186107
101530719587674941
106054977937115937
107858458427936845
101961781200488513
107973074494507496
105337460950807071
103106025809945900
109540990227330817
101878321298058774
100055191401257372
109873756953526695
101821718912974661
100130891472791695
108174746925870955
105065143757916600
108707517490775443
108118722758241850
108857090392161340
108803977678652895
103954751374679829
103064467120117005
107788610462389085
108412772660051048
100020941052716727
105894700114580336
106022350490745156
108393861032351140
107086129665964407
107446854811905716
106078674193461663
107141487643697134
105735157560707648
106437841767375595
104788911749898722
101142627965100932
106825409429455028
106986171292827545
107194904744803486
109019558625212073
109513016814873103
105140455405144697
101963230093022873
108563000703622035
106824161744494452
106023675974277595